  -1.00000000000000e+01   0.00000000000000e+00   0.00000000000000e+00
  -9.97997997997998e+00   0.00000000000000e+00   0.00000000000000e+00
  -9.95995995995996e+00   0.00000000000000e+00   0.00000000000000e+00
  -9.93993993993994e+00   0.00000000000000e+00   0.00000000000000e+00
  -9.91991991991992e+00   0.00000000000000e+00   0.00000000000000e+00
  -9.89989989989990e+00   0.00000000000000e+00   0.00000000000000e+00
  -9.87987987987988e+00   0.00000000000000e+00   0.00000000000000e+00
  -9.85985985985986e+00   0.00000000000000e+00   0.00000000000000e+00
  -9.83983983983984e+00   0.00000000000000e+00   0.00000000000000e+00
  -9.81981981981982e+00   0.00000000000000e+00   0.00000000000000e+00
  -9.79979979979980e+00   0.00000000000000e+00   0.00000000000000e+00
  -9.77977977977978e+00   0.00000000000000e+00   0.00000000000000e+00
  -9.75975975975976e+00   0.00000000000000e+00   0.00000000000000e+00
  -9.73973973973974e+00   0.00000000000000e+00   0.00000000000000e+00
  -9.71971971971972e+00   0.00000000000000e+00   0.00000000000000e+00
  -9.69969969969970e+00   0.00000000000000e+00   0.00000000000000e+00
  -9.67967967967968e+00   0.00000000000000e+00   0.00000000000000e+00
  -9.65965965965966e+00   0.00000000000000e+00   0.00000000000000e+00
  -9.63963963963964e+00   0.00000000000000e+00   0.00000000000000e+00
  -9.61961961961962e+00   0.00000000000000e+00   0.00000000000000e+00
  -9.59959959959960e+00   0.00000000000000e+00   0.00000000000000e+00
  -9.57957957957958e+00   0.00000000000000e+00   0.00000000000000e+00
  -9.55955955955956e+00   0.00000000000000e+00   0.00000000000000e+00
  -9.53953953953954e+00   0.00000000000000e+00   0.00000000000000e+00
  -9.51951951951952e+00   0.00000000000000e+00   0.00000000000000e+00
  -9.49949949949950e+00   0.00000000000000e+00   0.00000000000000e+00
  -9.47947947947948e+00   0.00000000000000e+00   0.00000000000000e+00
  -9.45945945945946e+00   0.00000000000000e+00   0.00000000000000e+00
  -9.43943943943944e+00   0.00000000000000e+00   0.00000000000000e+00
  -9.41941941941942e+00   0.00000000000000e+00   0.00000000000000e+00
  -9.39939939939940e+00   0.00000000000000e+00   0.00000000000000e+00
  -9.37937937937938e+00   0.00000000000000e+00   0.00000000000000e+00
  -9.35935935935936e+00   0.00000000000000e+00   0.00000000000000e+00
  -9.33933933933934e+00   0.00000000000000e+00   0.00000000000000e+00
  -9.31931931931932e+00   0.00000000000000e+00   0.00000000000000e+00
  -9.29929929929930e+00   0.00000000000000e+00   0.00000000000000e+00
  -9.27927927927928e+00   0.00000000000000e+00   0.00000000000000e+00
  -9.25925925925926e+00   0.00000000000000e+00   0.00000000000000e+00
  -9.23923923923924e+00   0.00000000000000e+00   0.00000000000000e+00
  -9.21921921921922e+00   0.00000000000000e+00   0.00000000000000e+00
  -9.19919919919920e+00   0.00000000000000e+00   0.00000000000000e+00
  -9.17917917917918e+00   0.00000000000000e+00   0.00000000000000e+00
  -9.15915915915916e+00   0.00000000000000e+00   0.00000000000000e+00
  -9.13913913913914e+00   0.00000000000000e+00   0.00000000000000e+00
  -9.11911911911912e+00   0.00000000000000e+00   0.00000000000000e+00
  -9.09909909909910e+00   0.00000000000000e+00   0.00000000000000e+00
  -9.07907907907908e+00   0.00000000000000e+00   0.00000000000000e+00
  -9.05905905905906e+00   0.00000000000000e+00   0.00000000000000e+00
  -9.03903903903904e+00   0.00000000000000e+00   0.00000000000000e+00
  -9.01901901901902e+00   0.00000000000000e+00   0.00000000000000e+00
  -8.99899899899900e+00   0.00000000000000e+00   0.00000000000000e+00
  -8.97897897897898e+00   0.00000000000000e+00   0.00000000000000e+00
  -8.95895895895896e+00   0.00000000000000e+00   0.00000000000000e+00
  -8.93893893893894e+00   0.00000000000000e+00   0.00000000000000e+00
  -8.91891891891892e+00   0.00000000000000e+00   0.00000000000000e+00
  -8.89889889889890e+00   0.00000000000000e+00   0.00000000000000e+00
  -8.87887887887888e+00   0.00000000000000e+00   0.00000000000000e+00
  -8.85885885885886e+00   0.00000000000000e+00   0.00000000000000e+00
  -8.83883883883884e+00   0.00000000000000e+00   0.00000000000000e+00
  -8.81881881881882e+00   0.00000000000000e+00   0.00000000000000e+00
  -8.79879879879880e+00   0.00000000000000e+00   0.00000000000000e+00
  -8.77877877877878e+00   0.00000000000000e+00   0.00000000000000e+00
  -8.75875875875876e+00   0.00000000000000e+00   0.00000000000000e+00
  -8.73873873873874e+00   0.00000000000000e+00   0.00000000000000e+00
  -8.71871871871872e+00   0.00000000000000e+00   0.00000000000000e+00
  -8.69869869869870e+00   0.00000000000000e+00   0.00000000000000e+00
  -8.67867867867868e+00   0.00000000000000e+00   0.00000000000000e+00
  -8.65865865865866e+00   0.00000000000000e+00   0.00000000000000e+00
  -8.63863863863864e+00   0.00000000000000e+00   0.00000000000000e+00
  -8.61861861861862e+00   0.00000000000000e+00   0.00000000000000e+00
  -8.59859859859860e+00   0.00000000000000e+00   0.00000000000000e+00
  -8.57857857857858e+00   0.00000000000000e+00   0.00000000000000e+00
  -8.55855855855856e+00   0.00000000000000e+00   0.00000000000000e+00
  -8.53853853853854e+00   0.00000000000000e+00   0.00000000000000e+00
  -8.51851851851852e+00   0.00000000000000e+00   0.00000000000000e+00
  -8.49849849849850e+00   0.00000000000000e+00   0.00000000000000e+00
  -8.47847847847848e+00   0.00000000000000e+00   0.00000000000000e+00
  -8.45845845845846e+00   0.00000000000000e+00   0.00000000000000e+00
  -8.43843843843844e+00   0.00000000000000e+00   0.00000000000000e+00
  -8.41841841841842e+00   0.00000000000000e+00   0.00000000000000e+00
  -8.39839839839840e+00   0.00000000000000e+00   0.00000000000000e+00
  -8.37837837837838e+00   0.00000000000000e+00   0.00000000000000e+00
  -8.35835835835836e+00   0.00000000000000e+00   0.00000000000000e+00
  -8.33833833833834e+00   0.00000000000000e+00   0.00000000000000e+00
  -8.31831831831832e+00   0.00000000000000e+00   0.00000000000000e+00
  -8.29829829829830e+00   0.00000000000000e+00   0.00000000000000e+00
  -8.27827827827828e+00   0.00000000000000e+00   0.00000000000000e+00
  -8.25825825825826e+00   0.00000000000000e+00   0.00000000000000e+00
  -8.23823823823824e+00   0.00000000000000e+00   0.00000000000000e+00
  -8.21821821821822e+00   0.00000000000000e+00   0.00000000000000e+00
  -8.19819819819820e+00   0.00000000000000e+00   0.00000000000000e+00
  -8.17817817817818e+00   0.00000000000000e+00   0.00000000000000e+00
  -8.15815815815816e+00   0.00000000000000e+00   0.00000000000000e+00
  -8.13813813813814e+00   0.00000000000000e+00   0.00000000000000e+00
  -8.11811811811812e+00   0.00000000000000e+00   0.00000000000000e+00
  -8.09809809809810e+00   0.00000000000000e+00   0.00000000000000e+00
  -8.07807807807808e+00   0.00000000000000e+00   0.00000000000000e+00
  -8.05805805805806e+00   0.00000000000000e+00   0.00000000000000e+00
  -8.03803803803804e+00   0.00000000000000e+00   0.00000000000000e+00
  -8.01801801801802e+00   0.00000000000000e+00   0.00000000000000e+00
  -7.99799799799800e+00   0.00000000000000e+00   0.00000000000000e+00
  -7.97797797797798e+00   0.00000000000000e+00   0.00000000000000e+00
  -7.95795795795796e+00   0.00000000000000e+00   0.00000000000000e+00
  -7.93793793793794e+00   0.00000000000000e+00   0.00000000000000e+00
  -7.91791791791792e+00   0.00000000000000e+00   0.00000000000000e+00
  -7.89789789789790e+00   0.00000000000000e+00   0.00000000000000e+00
  -7.87787787787788e+00   0.00000000000000e+00   0.00000000000000e+00
  -7.85785785785786e+00   0.00000000000000e+00   0.00000000000000e+00
  -7.83783783783784e+00   0.00000000000000e+00   0.00000000000000e+00
  -7.81781781781782e+00   0.00000000000000e+00   0.00000000000000e+00
  -7.79779779779780e+00   0.00000000000000e+00   0.00000000000000e+00
  -7.77777777777778e+00   0.00000000000000e+00   0.00000000000000e+00
  -7.75775775775776e+00   0.00000000000000e+00   0.00000000000000e+00
  -7.73773773773774e+00   0.00000000000000e+00   0.00000000000000e+00
  -7.71771771771772e+00   0.00000000000000e+00   0.00000000000000e+00
  -7.69769769769770e+00   0.00000000000000e+00   0.00000000000000e+00
  -7.67767767767768e+00   0.00000000000000e+00   0.00000000000000e+00
  -7.65765765765766e+00   0.00000000000000e+00   0.00000000000000e+00
  -7.63763763763764e+00   0.00000000000000e+00   0.00000000000000e+00
  -7.61761761761762e+00   0.00000000000000e+00   0.00000000000000e+00
  -7.59759759759760e+00   0.00000000000000e+00   0.00000000000000e+00
  -7.57757757757758e+00   0.00000000000000e+00   0.00000000000000e+00
  -7.55755755755756e+00   0.00000000000000e+00   0.00000000000000e+00
  -7.53753753753754e+00   0.00000000000000e+00   0.00000000000000e+00
  -7.51751751751752e+00   0.00000000000000e+00   0.00000000000000e+00
  -7.49749749749750e+00   0.00000000000000e+00   0.00000000000000e+00
  -7.47747747747748e+00   0.00000000000000e+00   0.00000000000000e+00
  -7.45745745745746e+00   0.00000000000000e+00   0.00000000000000e+00
  -7.43743743743744e+00   0.00000000000000e+00   0.00000000000000e+00
  -7.41741741741742e+00   0.00000000000000e+00   0.00000000000000e+00
  -7.39739739739740e+00   0.00000000000000e+00   0.00000000000000e+00
  -7.37737737737738e+00   0.00000000000000e+00   0.00000000000000e+00
  -7.35735735735736e+00   0.00000000000000e+00   0.00000000000000e+00
  -7.33733733733734e+00   0.00000000000000e+00   0.00000000000000e+00
  -7.31731731731732e+00   0.00000000000000e+00   0.00000000000000e+00
  -7.29729729729730e+00   0.00000000000000e+00   0.00000000000000e+00
  -7.27727727727728e+00   0.00000000000000e+00   0.00000000000000e+00
  -7.25725725725726e+00   0.00000000000000e+00   0.00000000000000e+00
  -7.23723723723724e+00   0.00000000000000e+00   0.00000000000000e+00
  -7.21721721721722e+00   0.00000000000000e+00   0.00000000000000e+00
  -7.19719719719720e+00   0.00000000000000e+00   0.00000000000000e+00
  -7.17717717717718e+00   0.00000000000000e+00   0.00000000000000e+00
  -7.15715715715716e+00   0.00000000000000e+00   0.00000000000000e+00
  -7.13713713713714e+00   0.00000000000000e+00   0.00000000000000e+00
  -7.11711711711712e+00   0.00000000000000e+00   0.00000000000000e+00
  -7.09709709709710e+00   0.00000000000000e+00   0.00000000000000e+00
  -7.07707707707708e+00   0.00000000000000e+00   0.00000000000000e+00
  -7.05705705705706e+00   0.00000000000000e+00   0.00000000000000e+00
  -7.03703703703704e+00   0.00000000000000e+00   0.00000000000000e+00
  -7.01701701701702e+00   0.00000000000000e+00   0.00000000000000e+00
  -6.99699699699700e+00   0.00000000000000e+00   0.00000000000000e+00
  -6.97697697697698e+00   0.00000000000000e+00   0.00000000000000e+00
  -6.95695695695696e+00   0.00000000000000e+00   0.00000000000000e+00
  -6.93693693693694e+00   0.00000000000000e+00   0.00000000000000e+00
  -6.91691691691692e+00   0.00000000000000e+00   0.00000000000000e+00
  -6.89689689689690e+00   0.00000000000000e+00   0.00000000000000e+00
  -6.87687687687688e+00   0.00000000000000e+00   0.00000000000000e+00
  -6.85685685685686e+00   0.00000000000000e+00   0.00000000000000e+00
  -6.83683683683684e+00   0.00000000000000e+00   0.00000000000000e+00
  -6.81681681681682e+00   0.00000000000000e+00   0.00000000000000e+00
  -6.79679679679680e+00   0.00000000000000e+00   0.00000000000000e+00
  -6.77677677677678e+00   0.00000000000000e+00   0.00000000000000e+00
  -6.75675675675676e+00   0.00000000000000e+00   0.00000000000000e+00
  -6.73673673673674e+00   0.00000000000000e+00   0.00000000000000e+00
  -6.71671671671672e+00   0.00000000000000e+00   0.00000000000000e+00
  -6.69669669669670e+00   0.00000000000000e+00   0.00000000000000e+00
  -6.67667667667668e+00   0.00000000000000e+00   0.00000000000000e+00
  -6.65665665665666e+00   0.00000000000000e+00   0.00000000000000e+00
  -6.63663663663664e+00   0.00000000000000e+00   0.00000000000000e+00
  -6.61661661661662e+00   0.00000000000000e+00   0.00000000000000e+00
  -6.59659659659660e+00   0.00000000000000e+00   0.00000000000000e+00
  -6.57657657657658e+00   0.00000000000000e+00   0.00000000000000e+00
  -6.55655655655656e+00   0.00000000000000e+00   0.00000000000000e+00
  -6.53653653653654e+00   0.00000000000000e+00   0.00000000000000e+00
  -6.51651651651652e+00   0.00000000000000e+00   0.00000000000000e+00
  -6.49649649649650e+00   0.00000000000000e+00   0.00000000000000e+00
  -6.47647647647648e+00   0.00000000000000e+00   0.00000000000000e+00
  -6.45645645645646e+00   0.00000000000000e+00   0.00000000000000e+00
  -6.43643643643644e+00   0.00000000000000e+00   0.00000000000000e+00
  -6.41641641641642e+00   0.00000000000000e+00   0.00000000000000e+00
  -6.39639639639640e+00   0.00000000000000e+00   0.00000000000000e+00
  -6.37637637637638e+00   0.00000000000000e+00   0.00000000000000e+00
  -6.35635635635636e+00   0.00000000000000e+00   0.00000000000000e+00
  -6.33633633633634e+00   0.00000000000000e+00   0.00000000000000e+00
  -6.31631631631632e+00   0.00000000000000e+00   0.00000000000000e+00
  -6.29629629629630e+00   0.00000000000000e+00   0.00000000000000e+00
  -6.27627627627628e+00   0.00000000000000e+00   0.00000000000000e+00
  -6.25625625625626e+00   0.00000000000000e+00   0.00000000000000e+00
  -6.23623623623624e+00   0.00000000000000e+00   0.00000000000000e+00
  -6.21621621621622e+00   0.00000000000000e+00   0.00000000000000e+00
  -6.19619619619620e+00   0.00000000000000e+00   0.00000000000000e+00
  -6.17617617617618e+00   0.00000000000000e+00   0.00000000000000e+00
  -6.15615615615616e+00   0.00000000000000e+00   0.00000000000000e+00
  -6.13613613613614e+00   0.00000000000000e+00   0.00000000000000e+00
  -6.11611611611612e+00   0.00000000000000e+00   0.00000000000000e+00
  -6.09609609609610e+00   0.00000000000000e+00   0.00000000000000e+00
  -6.07607607607608e+00   0.00000000000000e+00   0.00000000000000e+00
  -6.05605605605606e+00   0.00000000000000e+00   0.00000000000000e+00
  -6.03603603603604e+00   0.00000000000000e+00   0.00000000000000e+00
  -6.01601601601602e+00   0.00000000000000e+00   0.00000000000000e+00
  -5.99599599599600e+00   0.00000000000000e+00   0.00000000000000e+00
  -5.97597597597598e+00   0.00000000000000e+00   0.00000000000000e+00
  -5.95595595595596e+00   0.00000000000000e+00   0.00000000000000e+00
  -5.93593593593594e+00   0.00000000000000e+00   0.00000000000000e+00
  -5.91591591591592e+00   0.00000000000000e+00   0.00000000000000e+00
  -5.89589589589590e+00   0.00000000000000e+00   0.00000000000000e+00
  -5.87587587587588e+00   0.00000000000000e+00   0.00000000000000e+00
  -5.85585585585586e+00   0.00000000000000e+00   0.00000000000000e+00
  -5.83583583583584e+00   0.00000000000000e+00   0.00000000000000e+00
  -5.81581581581582e+00   0.00000000000000e+00   0.00000000000000e+00
  -5.79579579579580e+00   0.00000000000000e+00   0.00000000000000e+00
  -5.77577577577578e+00   0.00000000000000e+00   0.00000000000000e+00
  -5.75575575575576e+00   0.00000000000000e+00   0.00000000000000e+00
  -5.73573573573574e+00   0.00000000000000e+00   0.00000000000000e+00
  -5.71571571571572e+00   0.00000000000000e+00   0.00000000000000e+00
  -5.69569569569570e+00   0.00000000000000e+00   0.00000000000000e+00
  -5.67567567567568e+00   0.00000000000000e+00   0.00000000000000e+00
  -5.65565565565566e+00   0.00000000000000e+00   0.00000000000000e+00
  -5.63563563563564e+00   0.00000000000000e+00   0.00000000000000e+00
  -5.61561561561562e+00   0.00000000000000e+00   0.00000000000000e+00
  -5.59559559559560e+00   0.00000000000000e+00   0.00000000000000e+00
  -5.57557557557558e+00   0.00000000000000e+00   0.00000000000000e+00
  -5.55555555555556e+00   0.00000000000000e+00   0.00000000000000e+00
  -5.53553553553554e+00   0.00000000000000e+00   0.00000000000000e+00
  -5.51551551551552e+00   0.00000000000000e+00   0.00000000000000e+00
  -5.49549549549550e+00   0.00000000000000e+00   0.00000000000000e+00
  -5.47547547547548e+00   0.00000000000000e+00   0.00000000000000e+00
  -5.45545545545546e+00   0.00000000000000e+00   0.00000000000000e+00
  -5.43543543543544e+00   0.00000000000000e+00   0.00000000000000e+00
  -5.41541541541542e+00   0.00000000000000e+00   0.00000000000000e+00
  -5.39539539539540e+00   0.00000000000000e+00   0.00000000000000e+00
  -5.37537537537538e+00   0.00000000000000e+00   0.00000000000000e+00
  -5.35535535535536e+00   0.00000000000000e+00   0.00000000000000e+00
  -5.33533533533534e+00   0.00000000000000e+00   0.00000000000000e+00
  -5.31531531531532e+00   0.00000000000000e+00   0.00000000000000e+00
  -5.29529529529530e+00   0.00000000000000e+00   0.00000000000000e+00
  -5.27527527527528e+00   0.00000000000000e+00   0.00000000000000e+00
  -5.25525525525526e+00   0.00000000000000e+00   0.00000000000000e+00
  -5.23523523523524e+00   0.00000000000000e+00   0.00000000000000e+00
  -5.21521521521522e+00   0.00000000000000e+00   0.00000000000000e+00
  -5.19519519519520e+00   0.00000000000000e+00   0.00000000000000e+00
  -5.17517517517518e+00   0.00000000000000e+00   0.00000000000000e+00
  -5.15515515515516e+00   0.00000000000000e+00   0.00000000000000e+00
  -5.13513513513514e+00   0.00000000000000e+00   0.00000000000000e+00
  -5.11511511511512e+00   0.00000000000000e+00   0.00000000000000e+00
  -5.09509509509510e+00   0.00000000000000e+00   0.00000000000000e+00
  -5.07507507507508e+00   0.00000000000000e+00   0.00000000000000e+00
  -5.05505505505506e+00   0.00000000000000e+00   0.00000000000000e+00
  -5.03503503503504e+00   0.00000000000000e+00   0.00000000000000e+00
  -5.01501501501502e+00   0.00000000000000e+00   0.00000000000000e+00
  -4.99499499499499e+00   0.00000000000000e+00   0.00000000000000e+00
  -4.97497497497497e+00   0.00000000000000e+00   0.00000000000000e+00
  -4.95495495495495e+00   0.00000000000000e+00   0.00000000000000e+00
  -4.93493493493493e+00   0.00000000000000e+00   0.00000000000000e+00
  -4.91491491491491e+00   0.00000000000000e+00   0.00000000000000e+00
  -4.89489489489489e+00   0.00000000000000e+00   0.00000000000000e+00
  -4.87487487487487e+00   0.00000000000000e+00   0.00000000000000e+00
  -4.85485485485485e+00   0.00000000000000e+00   0.00000000000000e+00
  -4.83483483483483e+00   0.00000000000000e+00   0.00000000000000e+00
  -4.81481481481481e+00   0.00000000000000e+00   0.00000000000000e+00
  -4.79479479479479e+00   0.00000000000000e+00   0.00000000000000e+00
  -4.77477477477477e+00   0.00000000000000e+00   0.00000000000000e+00
  -4.75475475475475e+00   0.00000000000000e+00   0.00000000000000e+00
  -4.73473473473473e+00   0.00000000000000e+00   0.00000000000000e+00
  -4.71471471471471e+00   0.00000000000000e+00   0.00000000000000e+00
  -4.69469469469469e+00   0.00000000000000e+00   0.00000000000000e+00
  -4.67467467467467e+00   0.00000000000000e+00   0.00000000000000e+00
  -4.65465465465465e+00   0.00000000000000e+00   0.00000000000000e+00
  -4.63463463463463e+00   0.00000000000000e+00   0.00000000000000e+00
  -4.61461461461461e+00   0.00000000000000e+00   0.00000000000000e+00
  -4.59459459459459e+00   0.00000000000000e+00   0.00000000000000e+00
  -4.57457457457457e+00   0.00000000000000e+00   0.00000000000000e+00
  -4.55455455455455e+00   0.00000000000000e+00   0.00000000000000e+00
  -4.53453453453453e+00   0.00000000000000e+00   0.00000000000000e+00
  -4.51451451451451e+00   0.00000000000000e+00   0.00000000000000e+00
  -4.49449449449449e+00   0.00000000000000e+00   0.00000000000000e+00
  -4.47447447447447e+00   0.00000000000000e+00   0.00000000000000e+00
  -4.45445445445445e+00   0.00000000000000e+00   0.00000000000000e+00
  -4.43443443443443e+00   0.00000000000000e+00   0.00000000000000e+00
  -4.41441441441441e+00   0.00000000000000e+00   0.00000000000000e+00
  -4.39439439439439e+00   0.00000000000000e+00   0.00000000000000e+00
  -4.37437437437437e+00   0.00000000000000e+00   0.00000000000000e+00
  -4.35435435435435e+00   0.00000000000000e+00   0.00000000000000e+00
  -4.33433433433433e+00   0.00000000000000e+00   0.00000000000000e+00
  -4.31431431431431e+00   0.00000000000000e+00   0.00000000000000e+00
  -4.29429429429429e+00   0.00000000000000e+00   0.00000000000000e+00
  -4.27427427427427e+00   0.00000000000000e+00   0.00000000000000e+00
  -4.25425425425425e+00   0.00000000000000e+00   0.00000000000000e+00
  -4.23423423423423e+00   0.00000000000000e+00   0.00000000000000e+00
  -4.21421421421421e+00   0.00000000000000e+00   0.00000000000000e+00
  -4.19419419419419e+00   0.00000000000000e+00   0.00000000000000e+00
  -4.17417417417417e+00   0.00000000000000e+00   0.00000000000000e+00
  -4.15415415415415e+00   0.00000000000000e+00   0.00000000000000e+00
  -4.13413413413413e+00   0.00000000000000e+00   0.00000000000000e+00
  -4.11411411411411e+00   0.00000000000000e+00   0.00000000000000e+00
  -4.09409409409409e+00   0.00000000000000e+00   0.00000000000000e+00
  -4.07407407407407e+00   0.00000000000000e+00   0.00000000000000e+00
  -4.05405405405405e+00   0.00000000000000e+00   0.00000000000000e+00
  -4.03403403403403e+00   0.00000000000000e+00   0.00000000000000e+00
  -4.01401401401401e+00   0.00000000000000e+00   0.00000000000000e+00
  -3.99399399399399e+00   0.00000000000000e+00   0.00000000000000e+00
  -3.97397397397397e+00   0.00000000000000e+00   0.00000000000000e+00
  -3.95395395395395e+00   0.00000000000000e+00   0.00000000000000e+00
  -3.93393393393393e+00   0.00000000000000e+00   0.00000000000000e+00
  -3.91391391391391e+00   0.00000000000000e+00   0.00000000000000e+00
  -3.89389389389389e+00   0.00000000000000e+00   0.00000000000000e+00
  -3.87387387387387e+00   0.00000000000000e+00   0.00000000000000e+00
  -3.85385385385385e+00   0.00000000000000e+00   0.00000000000000e+00
  -3.83383383383383e+00   0.00000000000000e+00   0.00000000000000e+00
  -3.81381381381381e+00   0.00000000000000e+00   0.00000000000000e+00
  -3.79379379379379e+00   0.00000000000000e+00   0.00000000000000e+00
  -3.77377377377377e+00   0.00000000000000e+00   0.00000000000000e+00
  -3.75375375375375e+00   0.00000000000000e+00   0.00000000000000e+00
  -3.73373373373373e+00   0.00000000000000e+00   0.00000000000000e+00
  -3.71371371371371e+00   0.00000000000000e+00   0.00000000000000e+00
  -3.69369369369369e+00   0.00000000000000e+00   0.00000000000000e+00
  -3.67367367367367e+00   0.00000000000000e+00   0.00000000000000e+00
  -3.65365365365365e+00   0.00000000000000e+00   0.00000000000000e+00
  -3.63363363363363e+00   0.00000000000000e+00   0.00000000000000e+00
  -3.61361361361361e+00   0.00000000000000e+00   0.00000000000000e+00
  -3.59359359359359e+00   0.00000000000000e+00   0.00000000000000e+00
  -3.57357357357357e+00   0.00000000000000e+00   0.00000000000000e+00
  -3.55355355355355e+00   0.00000000000000e+00   0.00000000000000e+00
  -3.53353353353353e+00   0.00000000000000e+00   0.00000000000000e+00
  -3.51351351351351e+00   0.00000000000000e+00   0.00000000000000e+00
  -3.49349349349349e+00   0.00000000000000e+00   0.00000000000000e+00
  -3.47347347347347e+00   0.00000000000000e+00   0.00000000000000e+00
  -3.45345345345345e+00   0.00000000000000e+00   0.00000000000000e+00
  -3.43343343343343e+00   0.00000000000000e+00   0.00000000000000e+00
  -3.41341341341341e+00   0.00000000000000e+00   0.00000000000000e+00
  -3.39339339339339e+00   0.00000000000000e+00   0.00000000000000e+00
  -3.37337337337337e+00   0.00000000000000e+00   0.00000000000000e+00
  -3.35335335335335e+00   0.00000000000000e+00   0.00000000000000e+00
  -3.33333333333333e+00   0.00000000000000e+00   0.00000000000000e+00
  -3.31331331331331e+00   0.00000000000000e+00   0.00000000000000e+00
  -3.29329329329329e+00   0.00000000000000e+00   0.00000000000000e+00
  -3.27327327327327e+00   0.00000000000000e+00   0.00000000000000e+00
  -3.25325325325325e+00   0.00000000000000e+00   0.00000000000000e+00
  -3.23323323323323e+00   0.00000000000000e+00   0.00000000000000e+00
  -3.21321321321321e+00   0.00000000000000e+00   0.00000000000000e+00
  -3.19319319319319e+00   0.00000000000000e+00   0.00000000000000e+00
  -3.17317317317317e+00   0.00000000000000e+00   0.00000000000000e+00
  -3.15315315315315e+00   0.00000000000000e+00   0.00000000000000e+00
  -3.13313313313313e+00   0.00000000000000e+00   0.00000000000000e+00
  -3.11311311311311e+00   0.00000000000000e+00   0.00000000000000e+00
  -3.09309309309309e+00   0.00000000000000e+00   0.00000000000000e+00
  -3.07307307307307e+00   0.00000000000000e+00   0.00000000000000e+00
  -3.05305305305305e+00   0.00000000000000e+00   0.00000000000000e+00
  -3.03303303303303e+00   0.00000000000000e+00   0.00000000000000e+00
  -3.01301301301301e+00   0.00000000000000e+00   0.00000000000000e+00
  -2.99299299299299e+00   0.00000000000000e+00   0.00000000000000e+00
  -2.97297297297297e+00   0.00000000000000e+00   0.00000000000000e+00
  -2.95295295295295e+00   0.00000000000000e+00   0.00000000000000e+00
  -2.93293293293293e+00   0.00000000000000e+00   0.00000000000000e+00
  -2.91291291291291e+00   0.00000000000000e+00   0.00000000000000e+00
  -2.89289289289289e+00   0.00000000000000e+00   0.00000000000000e+00
  -2.87287287287287e+00   0.00000000000000e+00   0.00000000000000e+00
  -2.85285285285285e+00   0.00000000000000e+00   0.00000000000000e+00
  -2.83283283283283e+00   0.00000000000000e+00   0.00000000000000e+00
  -2.81281281281281e+00   0.00000000000000e+00   0.00000000000000e+00
  -2.79279279279279e+00   0.00000000000000e+00   0.00000000000000e+00
  -2.77277277277277e+00   0.00000000000000e+00   0.00000000000000e+00
  -2.75275275275275e+00   0.00000000000000e+00   0.00000000000000e+00
  -2.73273273273273e+00   0.00000000000000e+00   0.00000000000000e+00
  -2.71271271271271e+00   0.00000000000000e+00   0.00000000000000e+00
  -2.69269269269269e+00   0.00000000000000e+00   0.00000000000000e+00
  -2.67267267267267e+00   0.00000000000000e+00   0.00000000000000e+00
  -2.65265265265265e+00   0.00000000000000e+00   0.00000000000000e+00
  -2.63263263263263e+00   0.00000000000000e+00   0.00000000000000e+00
  -2.61261261261261e+00   0.00000000000000e+00   0.00000000000000e+00
  -2.59259259259259e+00   0.00000000000000e+00   0.00000000000000e+00
  -2.57257257257257e+00   0.00000000000000e+00   0.00000000000000e+00
  -2.55255255255255e+00   0.00000000000000e+00   0.00000000000000e+00
  -2.53253253253253e+00   0.00000000000000e+00   0.00000000000000e+00
  -2.51251251251251e+00   0.00000000000000e+00   0.00000000000000e+00
  -2.49249249249249e+00   0.00000000000000e+00   0.00000000000000e+00
  -2.47247247247247e+00   0.00000000000000e+00   0.00000000000000e+00
  -2.45245245245245e+00   0.00000000000000e+00   0.00000000000000e+00
  -2.43243243243243e+00   0.00000000000000e+00   0.00000000000000e+00
  -2.41241241241241e+00   0.00000000000000e+00   0.00000000000000e+00
  -2.39239239239239e+00   0.00000000000000e+00   0.00000000000000e+00
  -2.37237237237237e+00   0.00000000000000e+00   0.00000000000000e+00
  -2.35235235235235e+00   0.00000000000000e+00   0.00000000000000e+00
  -2.33233233233233e+00   0.00000000000000e+00   0.00000000000000e+00
  -2.31231231231231e+00   0.00000000000000e+00   0.00000000000000e+00
  -2.29229229229229e+00   0.00000000000000e+00   0.00000000000000e+00
  -2.27227227227227e+00   0.00000000000000e+00   0.00000000000000e+00
  -2.25225225225225e+00   0.00000000000000e+00   0.00000000000000e+00
  -2.23223223223223e+00   0.00000000000000e+00   0.00000000000000e+00
  -2.21221221221221e+00   0.00000000000000e+00   0.00000000000000e+00
  -2.19219219219219e+00   0.00000000000000e+00   0.00000000000000e+00
  -2.17217217217217e+00   0.00000000000000e+00   0.00000000000000e+00
  -2.15215215215215e+00   0.00000000000000e+00   0.00000000000000e+00
  -2.13213213213213e+00   0.00000000000000e+00   0.00000000000000e+00
  -2.11211211211211e+00   0.00000000000000e+00   0.00000000000000e+00
  -2.09209209209209e+00   0.00000000000000e+00   0.00000000000000e+00
  -2.07207207207207e+00   0.00000000000000e+00   0.00000000000000e+00
  -2.05205205205205e+00   0.00000000000000e+00   0.00000000000000e+00
  -2.03203203203203e+00   0.00000000000000e+00   0.00000000000000e+00
  -2.01201201201201e+00   0.00000000000000e+00   0.00000000000000e+00
  -1.99199199199199e+00   0.00000000000000e+00   0.00000000000000e+00
  -1.97197197197197e+00   0.00000000000000e+00   0.00000000000000e+00
  -1.95195195195195e+00   0.00000000000000e+00   0.00000000000000e+00
  -1.93193193193193e+00   0.00000000000000e+00   0.00000000000000e+00
  -1.91191191191191e+00   0.00000000000000e+00   0.00000000000000e+00
  -1.89189189189189e+00   0.00000000000000e+00   0.00000000000000e+00
  -1.87187187187187e+00   0.00000000000000e+00   0.00000000000000e+00
  -1.85185185185185e+00   0.00000000000000e+00   0.00000000000000e+00
  -1.83183183183183e+00   0.00000000000000e+00   0.00000000000000e+00
  -1.81181181181181e+00   0.00000000000000e+00   0.00000000000000e+00
  -1.79179179179179e+00   0.00000000000000e+00   0.00000000000000e+00
  -1.77177177177177e+00   0.00000000000000e+00   0.00000000000000e+00
  -1.75175175175175e+00   0.00000000000000e+00   0.00000000000000e+00
  -1.73173173173173e+00   0.00000000000000e+00   0.00000000000000e+00
  -1.71171171171171e+00   0.00000000000000e+00   0.00000000000000e+00
  -1.69169169169169e+00   0.00000000000000e+00   0.00000000000000e+00
  -1.67167167167167e+00   0.00000000000000e+00   0.00000000000000e+00
  -1.65165165165165e+00   0.00000000000000e+00   0.00000000000000e+00
  -1.63163163163163e+00   0.00000000000000e+00   0.00000000000000e+00
  -1.61161161161161e+00   0.00000000000000e+00   0.00000000000000e+00
  -1.59159159159159e+00   0.00000000000000e+00   0.00000000000000e+00
  -1.57157157157157e+00   0.00000000000000e+00   0.00000000000000e+00
  -1.55155155155155e+00   0.00000000000000e+00   0.00000000000000e+00
  -1.53153153153153e+00   0.00000000000000e+00   0.00000000000000e+00
  -1.51151151151151e+00   0.00000000000000e+00   0.00000000000000e+00
  -1.49149149149149e+00   0.00000000000000e+00   0.00000000000000e+00
  -1.47147147147147e+00   0.00000000000000e+00   0.00000000000000e+00
  -1.45145145145145e+00   0.00000000000000e+00   0.00000000000000e+00
  -1.43143143143143e+00   0.00000000000000e+00   0.00000000000000e+00
  -1.41141141141141e+00   0.00000000000000e+00   0.00000000000000e+00
  -1.39139139139139e+00   0.00000000000000e+00   0.00000000000000e+00
  -1.37137137137137e+00   0.00000000000000e+00   0.00000000000000e+00
  -1.35135135135135e+00   0.00000000000000e+00   0.00000000000000e+00
  -1.33133133133133e+00   0.00000000000000e+00   0.00000000000000e+00
  -1.31131131131131e+00   0.00000000000000e+00   0.00000000000000e+00
  -1.29129129129129e+00   0.00000000000000e+00   0.00000000000000e+00
  -1.27127127127127e+00   0.00000000000000e+00   0.00000000000000e+00
  -1.25125125125125e+00   0.00000000000000e+00   0.00000000000000e+00
  -1.23123123123123e+00   0.00000000000000e+00   0.00000000000000e+00
  -1.21121121121121e+00   0.00000000000000e+00   0.00000000000000e+00
  -1.19119119119119e+00   0.00000000000000e+00   0.00000000000000e+00
  -1.17117117117117e+00   0.00000000000000e+00   0.00000000000000e+00
  -1.15115115115115e+00   0.00000000000000e+00   0.00000000000000e+00
  -1.13113113113113e+00   0.00000000000000e+00   0.00000000000000e+00
  -1.11111111111111e+00   0.00000000000000e+00   0.00000000000000e+00
  -1.09109109109109e+00   0.00000000000000e+00   0.00000000000000e+00
  -1.07107107107107e+00   0.00000000000000e+00   0.00000000000000e+00
  -1.05105105105105e+00   0.00000000000000e+00   0.00000000000000e+00
  -1.03103103103103e+00   0.00000000000000e+00   0.00000000000000e+00
  -1.01101101101101e+00   0.00000000000000e+00   0.00000000000000e+00
  -9.90990990990991e-01   0.00000000000000e+00   0.00000000000000e+00
  -9.70970970970971e-01   0.00000000000000e+00   0.00000000000000e+00
  -9.50950950950951e-01   0.00000000000000e+00   0.00000000000000e+00
  -9.30930930930931e-01   0.00000000000000e+00   0.00000000000000e+00
  -9.10910910910911e-01   0.00000000000000e+00   0.00000000000000e+00
  -8.90890890890891e-01   0.00000000000000e+00   0.00000000000000e+00
  -8.70870870870871e-01   0.00000000000000e+00   0.00000000000000e+00
  -8.50850850850851e-01   0.00000000000000e+00   0.00000000000000e+00
  -8.30830830830831e-01   0.00000000000000e+00   0.00000000000000e+00
  -8.10810810810811e-01   0.00000000000000e+00   0.00000000000000e+00
  -7.90790790790791e-01   0.00000000000000e+00   0.00000000000000e+00
  -7.70770770770770e-01   0.00000000000000e+00   0.00000000000000e+00
  -7.50750750750750e-01   0.00000000000000e+00   0.00000000000000e+00
  -7.30730730730730e-01   0.00000000000000e+00   0.00000000000000e+00
  -7.10710710710710e-01   0.00000000000000e+00   0.00000000000000e+00
  -6.90690690690690e-01   0.00000000000000e+00   0.00000000000000e+00
  -6.70670670670670e-01   0.00000000000000e+00   0.00000000000000e+00
  -6.50650650650650e-01   0.00000000000000e+00   0.00000000000000e+00
  -6.30630630630630e-01   0.00000000000000e+00   0.00000000000000e+00
  -6.10610610610610e-01   0.00000000000000e+00   0.00000000000000e+00
  -5.90590590590590e-01   0.00000000000000e+00   0.00000000000000e+00
  -5.70570570570570e-01   0.00000000000000e+00   0.00000000000000e+00
  -5.50550550550550e-01   0.00000000000000e+00   0.00000000000000e+00
  -5.30530530530530e-01   0.00000000000000e+00   0.00000000000000e+00
  -5.10510510510510e-01   0.00000000000000e+00   0.00000000000000e+00
  -4.90490490490490e-01   0.00000000000000e+00   0.00000000000000e+00
  -4.70470470470470e-01   0.00000000000000e+00   0.00000000000000e+00
  -4.50450450450450e-01   0.00000000000000e+00   0.00000000000000e+00
  -4.30430430430430e-01   0.00000000000000e+00   0.00000000000000e+00
  -4.10410410410410e-01   0.00000000000000e+00   0.00000000000000e+00
  -3.90390390390390e-01   0.00000000000000e+00   0.00000000000000e+00
  -3.70370370370370e-01   0.00000000000000e+00   0.00000000000000e+00
  -3.50350350350350e-01   0.00000000000000e+00   0.00000000000000e+00
  -3.30330330330330e-01   0.00000000000000e+00   0.00000000000000e+00
  -3.10310310310310e-01   0.00000000000000e+00   0.00000000000000e+00
  -2.90290290290290e-01   0.00000000000000e+00   0.00000000000000e+00
  -2.70270270270270e-01   0.00000000000000e+00   0.00000000000000e+00
  -2.50250250250250e-01   0.00000000000000e+00   0.00000000000000e+00
  -2.30230230230230e-01   0.00000000000000e+00   0.00000000000000e+00
  -2.10210210210210e-01   0.00000000000000e+00   0.00000000000000e+00
  -1.90190190190190e-01   0.00000000000000e+00   0.00000000000000e+00
  -1.70170170170170e-01   0.00000000000000e+00   0.00000000000000e+00
  -1.50150150150150e-01   0.00000000000000e+00   0.00000000000000e+00
  -1.30130130130130e-01   0.00000000000000e+00   0.00000000000000e+00
  -1.10110110110110e-01   0.00000000000000e+00   0.00000000000000e+00
  -9.00900900900901e-02   0.00000000000000e+00   0.00000000000000e+00
  -7.00700700700700e-02   0.00000000000000e+00   0.00000000000000e+00
  -5.00500500500500e-02   0.00000000000000e+00   0.00000000000000e+00
  -3.00300300300300e-02   0.00000000000000e+00   0.00000000000000e+00
  -1.00100100100100e-02   0.00000000000000e+00   0.00000000000000e+00
   1.00100100100100e-02   0.00000000000000e+00   0.00000000000000e+00
   3.00300300300300e-02   0.00000000000000e+00   0.00000000000000e+00
   5.00500500500500e-02   0.00000000000000e+00   0.00000000000000e+00
   7.00700700700700e-02   0.00000000000000e+00   0.00000000000000e+00
   9.00900900900901e-02   0.00000000000000e+00   0.00000000000000e+00
   1.10110110110110e-01   0.00000000000000e+00   0.00000000000000e+00
   1.30130130130130e-01   0.00000000000000e+00   0.00000000000000e+00
   1.50150150150150e-01   0.00000000000000e+00   0.00000000000000e+00
   1.70170170170170e-01   0.00000000000000e+00   0.00000000000000e+00
   1.90190190190190e-01   0.00000000000000e+00   0.00000000000000e+00
   2.10210210210210e-01   0.00000000000000e+00   0.00000000000000e+00
   2.30230230230230e-01   0.00000000000000e+00   0.00000000000000e+00
   2.50250250250250e-01   0.00000000000000e+00   0.00000000000000e+00
   2.70270270270270e-01   0.00000000000000e+00   0.00000000000000e+00
   2.90290290290290e-01   0.00000000000000e+00   0.00000000000000e+00
   3.10310310310310e-01   0.00000000000000e+00   0.00000000000000e+00
   3.30330330330330e-01   0.00000000000000e+00   0.00000000000000e+00
   3.50350350350350e-01   0.00000000000000e+00   0.00000000000000e+00
   3.70370370370370e-01   0.00000000000000e+00   0.00000000000000e+00
   3.90390390390390e-01   0.00000000000000e+00   0.00000000000000e+00
   4.10410410410410e-01   0.00000000000000e+00   0.00000000000000e+00
   4.30430430430430e-01   0.00000000000000e+00   0.00000000000000e+00
   4.50450450450450e-01   0.00000000000000e+00   0.00000000000000e+00
   4.70470470470470e-01   0.00000000000000e+00   0.00000000000000e+00
   4.90490490490490e-01   0.00000000000000e+00   0.00000000000000e+00
   5.10510510510510e-01   0.00000000000000e+00   0.00000000000000e+00
   5.30530530530530e-01   0.00000000000000e+00   0.00000000000000e+00
   5.50550550550550e-01   0.00000000000000e+00   0.00000000000000e+00
   5.70570570570570e-01   0.00000000000000e+00   0.00000000000000e+00
   5.90590590590590e-01   0.00000000000000e+00   0.00000000000000e+00
   6.10610610610610e-01   0.00000000000000e+00   0.00000000000000e+00
   6.30630630630630e-01   0.00000000000000e+00   0.00000000000000e+00
   6.50650650650650e-01   0.00000000000000e+00   0.00000000000000e+00
   6.70670670670670e-01   0.00000000000000e+00   0.00000000000000e+00
   6.90690690690690e-01   0.00000000000000e+00   0.00000000000000e+00
   7.10710710710710e-01   0.00000000000000e+00   0.00000000000000e+00
   7.30730730730730e-01   0.00000000000000e+00   0.00000000000000e+00
   7.50750750750750e-01   0.00000000000000e+00   0.00000000000000e+00
   7.70770770770770e-01   0.00000000000000e+00   0.00000000000000e+00
   7.90790790790791e-01   0.00000000000000e+00   0.00000000000000e+00
   8.10810810810811e-01   0.00000000000000e+00   0.00000000000000e+00
   8.30830830830831e-01   0.00000000000000e+00   0.00000000000000e+00
   8.50850850850851e-01   0.00000000000000e+00   0.00000000000000e+00
   8.70870870870871e-01   0.00000000000000e+00   0.00000000000000e+00
   8.90890890890891e-01   0.00000000000000e+00   0.00000000000000e+00
   9.10910910910911e-01   0.00000000000000e+00   0.00000000000000e+00
   9.30930930930931e-01   0.00000000000000e+00   0.00000000000000e+00
   9.50950950950951e-01   0.00000000000000e+00   0.00000000000000e+00
   9.70970970970971e-01   0.00000000000000e+00   0.00000000000000e+00
   9.90990990990991e-01   0.00000000000000e+00   0.00000000000000e+00
   1.01101101101101e+00   0.00000000000000e+00   0.00000000000000e+00
   1.03103103103103e+00   0.00000000000000e+00   0.00000000000000e+00
   1.05105105105105e+00   0.00000000000000e+00   0.00000000000000e+00
   1.07107107107107e+00   0.00000000000000e+00   0.00000000000000e+00
   1.09109109109109e+00   0.00000000000000e+00   0.00000000000000e+00
   1.11111111111111e+00   0.00000000000000e+00   0.00000000000000e+00
   1.13113113113113e+00   0.00000000000000e+00   0.00000000000000e+00
   1.15115115115115e+00   0.00000000000000e+00   0.00000000000000e+00
   1.17117117117117e+00   0.00000000000000e+00   0.00000000000000e+00
   1.19119119119119e+00   0.00000000000000e+00   0.00000000000000e+00
   1.21121121121121e+00   0.00000000000000e+00   0.00000000000000e+00
   1.23123123123123e+00   0.00000000000000e+00   0.00000000000000e+00
   1.25125125125125e+00   0.00000000000000e+00   0.00000000000000e+00
   1.27127127127127e+00   0.00000000000000e+00   0.00000000000000e+00
   1.29129129129129e+00   0.00000000000000e+00   0.00000000000000e+00
   1.31131131131131e+00   0.00000000000000e+00   0.00000000000000e+00
   1.33133133133133e+00   0.00000000000000e+00   0.00000000000000e+00
   1.35135135135135e+00   0.00000000000000e+00   0.00000000000000e+00
   1.37137137137137e+00   0.00000000000000e+00   0.00000000000000e+00
   1.39139139139139e+00   0.00000000000000e+00   0.00000000000000e+00
   1.41141141141141e+00   0.00000000000000e+00   0.00000000000000e+00
   1.43143143143143e+00   0.00000000000000e+00   0.00000000000000e+00
   1.45145145145145e+00   0.00000000000000e+00   0.00000000000000e+00
   1.47147147147147e+00   0.00000000000000e+00   0.00000000000000e+00
   1.49149149149149e+00   0.00000000000000e+00   0.00000000000000e+00
   1.51151151151151e+00   0.00000000000000e+00   0.00000000000000e+00
   1.53153153153153e+00   0.00000000000000e+00   0.00000000000000e+00
   1.55155155155155e+00   0.00000000000000e+00   0.00000000000000e+00
   1.57157157157157e+00   0.00000000000000e+00   0.00000000000000e+00
   1.59159159159159e+00   0.00000000000000e+00   0.00000000000000e+00
   1.61161161161161e+00   0.00000000000000e+00   0.00000000000000e+00
   1.63163163163163e+00   0.00000000000000e+00   0.00000000000000e+00
   1.65165165165165e+00   0.00000000000000e+00   0.00000000000000e+00
   1.67167167167167e+00   0.00000000000000e+00   0.00000000000000e+00
   1.69169169169169e+00   0.00000000000000e+00   0.00000000000000e+00
   1.71171171171171e+00   0.00000000000000e+00   0.00000000000000e+00
   1.73173173173173e+00   0.00000000000000e+00   0.00000000000000e+00
   1.75175175175175e+00   0.00000000000000e+00   0.00000000000000e+00
   1.77177177177177e+00   0.00000000000000e+00   0.00000000000000e+00
   1.79179179179179e+00   0.00000000000000e+00   0.00000000000000e+00
   1.81181181181181e+00   0.00000000000000e+00   0.00000000000000e+00
   1.83183183183183e+00   0.00000000000000e+00   0.00000000000000e+00
   1.85185185185185e+00   0.00000000000000e+00   0.00000000000000e+00
   1.87187187187187e+00   0.00000000000000e+00   0.00000000000000e+00
   1.89189189189189e+00   0.00000000000000e+00   0.00000000000000e+00
   1.91191191191191e+00   0.00000000000000e+00   0.00000000000000e+00
   1.93193193193193e+00   0.00000000000000e+00   0.00000000000000e+00
   1.95195195195195e+00   0.00000000000000e+00   0.00000000000000e+00
   1.97197197197197e+00   0.00000000000000e+00   0.00000000000000e+00
   1.99199199199199e+00   0.00000000000000e+00   0.00000000000000e+00
   2.01201201201201e+00   0.00000000000000e+00   0.00000000000000e+00
   2.03203203203203e+00   0.00000000000000e+00   0.00000000000000e+00
   2.05205205205205e+00   0.00000000000000e+00   0.00000000000000e+00
   2.07207207207207e+00   0.00000000000000e+00   0.00000000000000e+00
   2.09209209209209e+00   0.00000000000000e+00   0.00000000000000e+00
   2.11211211211211e+00   0.00000000000000e+00   0.00000000000000e+00
   2.13213213213213e+00   0.00000000000000e+00   0.00000000000000e+00
   2.15215215215215e+00   0.00000000000000e+00   0.00000000000000e+00
   2.17217217217217e+00   0.00000000000000e+00   0.00000000000000e+00
   2.19219219219219e+00   0.00000000000000e+00   0.00000000000000e+00
   2.21221221221221e+00   0.00000000000000e+00   0.00000000000000e+00
   2.23223223223223e+00   0.00000000000000e+00   0.00000000000000e+00
   2.25225225225225e+00   0.00000000000000e+00   0.00000000000000e+00
   2.27227227227227e+00   0.00000000000000e+00   0.00000000000000e+00
   2.29229229229229e+00   0.00000000000000e+00   0.00000000000000e+00
   2.31231231231231e+00   0.00000000000000e+00   0.00000000000000e+00
   2.33233233233233e+00   0.00000000000000e+00   0.00000000000000e+00
   2.35235235235235e+00   0.00000000000000e+00   0.00000000000000e+00
   2.37237237237237e+00   0.00000000000000e+00   0.00000000000000e+00
   2.39239239239239e+00   0.00000000000000e+00   0.00000000000000e+00
   2.41241241241241e+00   0.00000000000000e+00   0.00000000000000e+00
   2.43243243243243e+00   0.00000000000000e+00   0.00000000000000e+00
   2.45245245245245e+00   0.00000000000000e+00   0.00000000000000e+00
   2.47247247247247e+00   0.00000000000000e+00   0.00000000000000e+00
   2.49249249249249e+00   0.00000000000000e+00   0.00000000000000e+00
   2.51251251251251e+00   0.00000000000000e+00   0.00000000000000e+00
   2.53253253253253e+00   0.00000000000000e+00   0.00000000000000e+00
   2.55255255255255e+00   0.00000000000000e+00   0.00000000000000e+00
   2.57257257257257e+00   0.00000000000000e+00   0.00000000000000e+00
   2.59259259259259e+00   0.00000000000000e+00   0.00000000000000e+00
   2.61261261261261e+00   0.00000000000000e+00   0.00000000000000e+00
   2.63263263263263e+00   0.00000000000000e+00   0.00000000000000e+00
   2.65265265265265e+00   0.00000000000000e+00   0.00000000000000e+00
   2.67267267267267e+00   0.00000000000000e+00   0.00000000000000e+00
   2.69269269269269e+00   0.00000000000000e+00   0.00000000000000e+00
   2.71271271271271e+00   0.00000000000000e+00   0.00000000000000e+00
   2.73273273273273e+00   0.00000000000000e+00   0.00000000000000e+00
   2.75275275275275e+00   0.00000000000000e+00   0.00000000000000e+00
   2.77277277277277e+00   0.00000000000000e+00   0.00000000000000e+00
   2.79279279279279e+00   0.00000000000000e+00   0.00000000000000e+00
   2.81281281281281e+00   0.00000000000000e+00   0.00000000000000e+00
   2.83283283283283e+00   0.00000000000000e+00   0.00000000000000e+00
   2.85285285285285e+00   0.00000000000000e+00   0.00000000000000e+00
   2.87287287287287e+00   0.00000000000000e+00   0.00000000000000e+00
   2.89289289289289e+00   0.00000000000000e+00   0.00000000000000e+00
   2.91291291291291e+00   0.00000000000000e+00   0.00000000000000e+00
   2.93293293293293e+00   0.00000000000000e+00   0.00000000000000e+00
   2.95295295295295e+00   0.00000000000000e+00   0.00000000000000e+00
   2.97297297297297e+00   0.00000000000000e+00   0.00000000000000e+00
   2.99299299299299e+00   0.00000000000000e+00   0.00000000000000e+00
   3.01301301301301e+00   0.00000000000000e+00   0.00000000000000e+00
   3.03303303303303e+00   0.00000000000000e+00   0.00000000000000e+00
   3.05305305305305e+00   0.00000000000000e+00   0.00000000000000e+00
   3.07307307307307e+00   0.00000000000000e+00   0.00000000000000e+00
   3.09309309309309e+00   0.00000000000000e+00   0.00000000000000e+00
   3.11311311311311e+00   0.00000000000000e+00   0.00000000000000e+00
   3.13313313313313e+00   0.00000000000000e+00   0.00000000000000e+00
   3.15315315315315e+00   0.00000000000000e+00   0.00000000000000e+00
   3.17317317317317e+00   0.00000000000000e+00   0.00000000000000e+00
   3.19319319319319e+00   0.00000000000000e+00   0.00000000000000e+00
   3.21321321321321e+00   0.00000000000000e+00   0.00000000000000e+00
   3.23323323323323e+00   0.00000000000000e+00   0.00000000000000e+00
   3.25325325325325e+00   0.00000000000000e+00   0.00000000000000e+00
   3.27327327327327e+00   0.00000000000000e+00   0.00000000000000e+00
   3.29329329329329e+00   0.00000000000000e+00   0.00000000000000e+00
   3.31331331331331e+00   0.00000000000000e+00   0.00000000000000e+00
   3.33333333333333e+00   0.00000000000000e+00   0.00000000000000e+00
   3.35335335335335e+00   0.00000000000000e+00   0.00000000000000e+00
   3.37337337337337e+00   0.00000000000000e+00   0.00000000000000e+00
   3.39339339339339e+00   0.00000000000000e+00   0.00000000000000e+00
   3.41341341341341e+00   0.00000000000000e+00   0.00000000000000e+00
   3.43343343343343e+00   0.00000000000000e+00   0.00000000000000e+00
   3.45345345345345e+00   0.00000000000000e+00   0.00000000000000e+00
   3.47347347347347e+00   0.00000000000000e+00   0.00000000000000e+00
   3.49349349349349e+00   0.00000000000000e+00   0.00000000000000e+00
   3.51351351351351e+00   0.00000000000000e+00   0.00000000000000e+00
   3.53353353353353e+00   0.00000000000000e+00   0.00000000000000e+00
   3.55355355355355e+00   0.00000000000000e+00   0.00000000000000e+00
   3.57357357357357e+00   0.00000000000000e+00   0.00000000000000e+00
   3.59359359359359e+00   0.00000000000000e+00   0.00000000000000e+00
   3.61361361361361e+00   0.00000000000000e+00   0.00000000000000e+00
   3.63363363363363e+00   0.00000000000000e+00   0.00000000000000e+00
   3.65365365365365e+00   0.00000000000000e+00   0.00000000000000e+00
   3.67367367367367e+00   0.00000000000000e+00   0.00000000000000e+00
   3.69369369369369e+00   0.00000000000000e+00   0.00000000000000e+00
   3.71371371371371e+00   0.00000000000000e+00   0.00000000000000e+00
   3.73373373373373e+00   0.00000000000000e+00   0.00000000000000e+00
   3.75375375375375e+00   0.00000000000000e+00   0.00000000000000e+00
   3.77377377377377e+00   0.00000000000000e+00   0.00000000000000e+00
   3.79379379379379e+00   0.00000000000000e+00   0.00000000000000e+00
   3.81381381381381e+00   0.00000000000000e+00   0.00000000000000e+00
   3.83383383383383e+00   0.00000000000000e+00   0.00000000000000e+00
   3.85385385385385e+00   0.00000000000000e+00   0.00000000000000e+00
   3.87387387387387e+00   0.00000000000000e+00   0.00000000000000e+00
   3.89389389389389e+00   0.00000000000000e+00   0.00000000000000e+00
   3.91391391391391e+00   0.00000000000000e+00   0.00000000000000e+00
   3.93393393393393e+00   0.00000000000000e+00   0.00000000000000e+00
   3.95395395395395e+00   0.00000000000000e+00   0.00000000000000e+00
   3.97397397397397e+00   0.00000000000000e+00   0.00000000000000e+00
   3.99399399399399e+00   0.00000000000000e+00   0.00000000000000e+00
   4.01401401401401e+00   0.00000000000000e+00   0.00000000000000e+00
   4.03403403403403e+00   0.00000000000000e+00   0.00000000000000e+00
   4.05405405405405e+00   0.00000000000000e+00   0.00000000000000e+00
   4.07407407407407e+00   0.00000000000000e+00   0.00000000000000e+00
   4.09409409409409e+00   0.00000000000000e+00   0.00000000000000e+00
   4.11411411411411e+00   0.00000000000000e+00   0.00000000000000e+00
   4.13413413413413e+00   0.00000000000000e+00   0.00000000000000e+00
   4.15415415415415e+00   0.00000000000000e+00   0.00000000000000e+00
   4.17417417417417e+00   0.00000000000000e+00   0.00000000000000e+00
   4.19419419419419e+00   0.00000000000000e+00   0.00000000000000e+00
   4.21421421421421e+00   0.00000000000000e+00   0.00000000000000e+00
   4.23423423423423e+00   0.00000000000000e+00   0.00000000000000e+00
   4.25425425425425e+00   0.00000000000000e+00   0.00000000000000e+00
   4.27427427427427e+00   0.00000000000000e+00   0.00000000000000e+00
   4.29429429429429e+00   0.00000000000000e+00   0.00000000000000e+00
   4.31431431431431e+00   0.00000000000000e+00   0.00000000000000e+00
   4.33433433433433e+00   0.00000000000000e+00   0.00000000000000e+00
   4.35435435435435e+00   0.00000000000000e+00   0.00000000000000e+00
   4.37437437437437e+00   0.00000000000000e+00   0.00000000000000e+00
   4.39439439439439e+00   0.00000000000000e+00   0.00000000000000e+00
   4.41441441441441e+00   0.00000000000000e+00   0.00000000000000e+00
   4.43443443443443e+00   0.00000000000000e+00   0.00000000000000e+00
   4.45445445445445e+00   0.00000000000000e+00   0.00000000000000e+00
   4.47447447447447e+00   0.00000000000000e+00   0.00000000000000e+00
   4.49449449449449e+00   0.00000000000000e+00   0.00000000000000e+00
   4.51451451451451e+00   0.00000000000000e+00   0.00000000000000e+00
   4.53453453453453e+00   0.00000000000000e+00   0.00000000000000e+00
   4.55455455455455e+00   0.00000000000000e+00   0.00000000000000e+00
   4.57457457457457e+00   0.00000000000000e+00   0.00000000000000e+00
   4.59459459459459e+00   0.00000000000000e+00   0.00000000000000e+00
   4.61461461461461e+00   0.00000000000000e+00   0.00000000000000e+00
   4.63463463463463e+00   0.00000000000000e+00   0.00000000000000e+00
   4.65465465465465e+00   0.00000000000000e+00   0.00000000000000e+00
   4.67467467467467e+00   0.00000000000000e+00   0.00000000000000e+00
   4.69469469469469e+00   0.00000000000000e+00   0.00000000000000e+00
   4.71471471471471e+00   0.00000000000000e+00   0.00000000000000e+00
   4.73473473473473e+00   0.00000000000000e+00   0.00000000000000e+00
   4.75475475475475e+00   0.00000000000000e+00   0.00000000000000e+00
   4.77477477477477e+00   0.00000000000000e+00   0.00000000000000e+00
   4.79479479479479e+00   0.00000000000000e+00   0.00000000000000e+00
   4.81481481481481e+00   0.00000000000000e+00   0.00000000000000e+00
   4.83483483483483e+00   0.00000000000000e+00   0.00000000000000e+00
   4.85485485485485e+00   0.00000000000000e+00   0.00000000000000e+00
   4.87487487487487e+00   0.00000000000000e+00   0.00000000000000e+00
   4.89489489489489e+00   0.00000000000000e+00   0.00000000000000e+00
   4.91491491491491e+00   0.00000000000000e+00   0.00000000000000e+00
   4.93493493493493e+00   0.00000000000000e+00   0.00000000000000e+00
   4.95495495495495e+00   0.00000000000000e+00   0.00000000000000e+00
   4.97497497497497e+00   0.00000000000000e+00   0.00000000000000e+00
   4.99499499499499e+00   0.00000000000000e+00   0.00000000000000e+00
   5.01501501501502e+00   0.00000000000000e+00   0.00000000000000e+00
   5.03503503503504e+00   0.00000000000000e+00   0.00000000000000e+00
   5.05505505505506e+00   0.00000000000000e+00   0.00000000000000e+00
   5.07507507507508e+00   0.00000000000000e+00   0.00000000000000e+00
   5.09509509509510e+00   0.00000000000000e+00   0.00000000000000e+00
   5.11511511511512e+00   0.00000000000000e+00   0.00000000000000e+00
   5.13513513513514e+00   0.00000000000000e+00   0.00000000000000e+00
   5.15515515515516e+00   0.00000000000000e+00   0.00000000000000e+00
   5.17517517517518e+00   0.00000000000000e+00   0.00000000000000e+00
   5.19519519519520e+00   0.00000000000000e+00   0.00000000000000e+00
   5.21521521521522e+00   0.00000000000000e+00   0.00000000000000e+00
   5.23523523523524e+00   0.00000000000000e+00   0.00000000000000e+00
   5.25525525525526e+00   0.00000000000000e+00   0.00000000000000e+00
   5.27527527527528e+00   0.00000000000000e+00   0.00000000000000e+00
   5.29529529529530e+00   0.00000000000000e+00   0.00000000000000e+00
   5.31531531531532e+00   0.00000000000000e+00   0.00000000000000e+00
   5.33533533533534e+00   0.00000000000000e+00   0.00000000000000e+00
   5.35535535535536e+00   0.00000000000000e+00   0.00000000000000e+00
   5.37537537537538e+00   0.00000000000000e+00   0.00000000000000e+00
   5.39539539539540e+00   0.00000000000000e+00   0.00000000000000e+00
   5.41541541541542e+00   0.00000000000000e+00   0.00000000000000e+00
   5.43543543543544e+00   0.00000000000000e+00   0.00000000000000e+00
   5.45545545545546e+00   0.00000000000000e+00   0.00000000000000e+00
   5.47547547547548e+00   0.00000000000000e+00   0.00000000000000e+00
   5.49549549549550e+00   0.00000000000000e+00   0.00000000000000e+00
   5.51551551551552e+00   0.00000000000000e+00   0.00000000000000e+00
   5.53553553553554e+00   0.00000000000000e+00   0.00000000000000e+00
   5.55555555555556e+00   0.00000000000000e+00   0.00000000000000e+00
   5.57557557557558e+00   0.00000000000000e+00   0.00000000000000e+00
   5.59559559559560e+00   0.00000000000000e+00   0.00000000000000e+00
   5.61561561561562e+00   0.00000000000000e+00   0.00000000000000e+00
   5.63563563563564e+00   0.00000000000000e+00   0.00000000000000e+00
   5.65565565565566e+00   0.00000000000000e+00   0.00000000000000e+00
   5.67567567567568e+00   0.00000000000000e+00   0.00000000000000e+00
   5.69569569569570e+00   0.00000000000000e+00   0.00000000000000e+00
   5.71571571571572e+00   0.00000000000000e+00   0.00000000000000e+00
   5.73573573573574e+00   0.00000000000000e+00   0.00000000000000e+00
   5.75575575575576e+00   0.00000000000000e+00   0.00000000000000e+00
   5.77577577577578e+00   0.00000000000000e+00   0.00000000000000e+00
   5.79579579579580e+00   0.00000000000000e+00   0.00000000000000e+00
   5.81581581581582e+00   0.00000000000000e+00   0.00000000000000e+00
   5.83583583583584e+00   0.00000000000000e+00   0.00000000000000e+00
   5.85585585585586e+00   0.00000000000000e+00   0.00000000000000e+00
   5.87587587587588e+00   0.00000000000000e+00   0.00000000000000e+00
   5.89589589589590e+00   0.00000000000000e+00   0.00000000000000e+00
   5.91591591591592e+00   0.00000000000000e+00   0.00000000000000e+00
   5.93593593593594e+00   0.00000000000000e+00   0.00000000000000e+00
   5.95595595595596e+00   0.00000000000000e+00   0.00000000000000e+00
   5.97597597597598e+00   0.00000000000000e+00   0.00000000000000e+00
   5.99599599599600e+00   0.00000000000000e+00   0.00000000000000e+00
   6.01601601601602e+00   0.00000000000000e+00   0.00000000000000e+00
   6.03603603603604e+00   0.00000000000000e+00   0.00000000000000e+00
   6.05605605605606e+00   0.00000000000000e+00   0.00000000000000e+00
   6.07607607607608e+00   0.00000000000000e+00   0.00000000000000e+00
   6.09609609609610e+00   0.00000000000000e+00   0.00000000000000e+00
   6.11611611611612e+00   0.00000000000000e+00   0.00000000000000e+00
   6.13613613613614e+00   0.00000000000000e+00   0.00000000000000e+00
   6.15615615615616e+00   0.00000000000000e+00   0.00000000000000e+00
   6.17617617617618e+00   0.00000000000000e+00   0.00000000000000e+00
   6.19619619619620e+00   0.00000000000000e+00   0.00000000000000e+00
   6.21621621621622e+00   0.00000000000000e+00   0.00000000000000e+00
   6.23623623623624e+00   0.00000000000000e+00   0.00000000000000e+00
   6.25625625625626e+00   0.00000000000000e+00   0.00000000000000e+00
   6.27627627627628e+00   0.00000000000000e+00   0.00000000000000e+00
   6.29629629629630e+00   0.00000000000000e+00   0.00000000000000e+00
   6.31631631631632e+00   0.00000000000000e+00   0.00000000000000e+00
   6.33633633633634e+00   0.00000000000000e+00   0.00000000000000e+00
   6.35635635635636e+00   0.00000000000000e+00   0.00000000000000e+00
   6.37637637637638e+00   0.00000000000000e+00   0.00000000000000e+00
   6.39639639639640e+00   0.00000000000000e+00   0.00000000000000e+00
   6.41641641641642e+00   0.00000000000000e+00   0.00000000000000e+00
   6.43643643643644e+00   0.00000000000000e+00   0.00000000000000e+00
   6.45645645645646e+00   0.00000000000000e+00   0.00000000000000e+00
   6.47647647647648e+00   0.00000000000000e+00   0.00000000000000e+00
   6.49649649649650e+00   0.00000000000000e+00   0.00000000000000e+00
   6.51651651651652e+00   0.00000000000000e+00   0.00000000000000e+00
   6.53653653653654e+00   0.00000000000000e+00   0.00000000000000e+00
   6.55655655655656e+00   0.00000000000000e+00   0.00000000000000e+00
   6.57657657657658e+00   0.00000000000000e+00   0.00000000000000e+00
   6.59659659659660e+00   0.00000000000000e+00   0.00000000000000e+00
   6.61661661661662e+00   0.00000000000000e+00   0.00000000000000e+00
   6.63663663663664e+00   0.00000000000000e+00   0.00000000000000e+00
   6.65665665665666e+00   0.00000000000000e+00   0.00000000000000e+00
   6.67667667667668e+00   0.00000000000000e+00   0.00000000000000e+00
   6.69669669669670e+00   0.00000000000000e+00   0.00000000000000e+00
   6.71671671671672e+00   0.00000000000000e+00   0.00000000000000e+00
   6.73673673673674e+00   0.00000000000000e+00   0.00000000000000e+00
   6.75675675675676e+00   0.00000000000000e+00   0.00000000000000e+00
   6.77677677677678e+00   0.00000000000000e+00   0.00000000000000e+00
   6.79679679679680e+00   0.00000000000000e+00   0.00000000000000e+00
   6.81681681681682e+00   0.00000000000000e+00   0.00000000000000e+00
   6.83683683683684e+00   0.00000000000000e+00   0.00000000000000e+00
   6.85685685685686e+00   0.00000000000000e+00   0.00000000000000e+00
   6.87687687687688e+00   0.00000000000000e+00   0.00000000000000e+00
   6.89689689689690e+00   0.00000000000000e+00   0.00000000000000e+00
   6.91691691691692e+00   0.00000000000000e+00   0.00000000000000e+00
   6.93693693693694e+00   0.00000000000000e+00   0.00000000000000e+00
   6.95695695695696e+00   0.00000000000000e+00   0.00000000000000e+00
   6.97697697697698e+00   0.00000000000000e+00   0.00000000000000e+00
   6.99699699699700e+00   0.00000000000000e+00   0.00000000000000e+00
   7.01701701701702e+00   0.00000000000000e+00   0.00000000000000e+00
   7.03703703703704e+00   0.00000000000000e+00   0.00000000000000e+00
   7.05705705705706e+00   0.00000000000000e+00   0.00000000000000e+00
   7.07707707707708e+00   0.00000000000000e+00   0.00000000000000e+00
   7.09709709709710e+00   0.00000000000000e+00   0.00000000000000e+00
   7.11711711711712e+00   0.00000000000000e+00   0.00000000000000e+00
   7.13713713713714e+00   0.00000000000000e+00   0.00000000000000e+00
   7.15715715715716e+00   0.00000000000000e+00   0.00000000000000e+00
   7.17717717717718e+00   0.00000000000000e+00   0.00000000000000e+00
   7.19719719719720e+00   0.00000000000000e+00   0.00000000000000e+00
   7.21721721721722e+00   0.00000000000000e+00   0.00000000000000e+00
   7.23723723723724e+00   0.00000000000000e+00   0.00000000000000e+00
   7.25725725725726e+00   0.00000000000000e+00   0.00000000000000e+00
   7.27727727727728e+00   0.00000000000000e+00   0.00000000000000e+00
   7.29729729729730e+00   0.00000000000000e+00   0.00000000000000e+00
   7.31731731731732e+00   0.00000000000000e+00   0.00000000000000e+00
   7.33733733733734e+00   0.00000000000000e+00   0.00000000000000e+00
   7.35735735735736e+00   0.00000000000000e+00   0.00000000000000e+00
   7.37737737737738e+00   0.00000000000000e+00   0.00000000000000e+00
   7.39739739739740e+00   0.00000000000000e+00   0.00000000000000e+00
   7.41741741741742e+00   0.00000000000000e+00   0.00000000000000e+00
   7.43743743743744e+00   0.00000000000000e+00   0.00000000000000e+00
   7.45745745745746e+00   0.00000000000000e+00   0.00000000000000e+00
   7.47747747747748e+00   0.00000000000000e+00   0.00000000000000e+00
   7.49749749749750e+00   0.00000000000000e+00   0.00000000000000e+00
   7.51751751751752e+00   0.00000000000000e+00   0.00000000000000e+00
   7.53753753753754e+00   0.00000000000000e+00   0.00000000000000e+00
   7.55755755755756e+00   0.00000000000000e+00   0.00000000000000e+00
   7.57757757757758e+00   0.00000000000000e+00   0.00000000000000e+00
   7.59759759759760e+00   0.00000000000000e+00   0.00000000000000e+00
   7.61761761761762e+00   0.00000000000000e+00   0.00000000000000e+00
   7.63763763763764e+00   0.00000000000000e+00   0.00000000000000e+00
   7.65765765765766e+00   0.00000000000000e+00   0.00000000000000e+00
   7.67767767767768e+00   0.00000000000000e+00   0.00000000000000e+00
   7.69769769769770e+00   0.00000000000000e+00   0.00000000000000e+00
   7.71771771771772e+00   0.00000000000000e+00   0.00000000000000e+00
   7.73773773773774e+00   0.00000000000000e+00   0.00000000000000e+00
   7.75775775775776e+00   0.00000000000000e+00   0.00000000000000e+00
   7.77777777777778e+00   0.00000000000000e+00   0.00000000000000e+00
   7.79779779779780e+00   0.00000000000000e+00   0.00000000000000e+00
   7.81781781781782e+00   0.00000000000000e+00   0.00000000000000e+00
   7.83783783783784e+00   0.00000000000000e+00   0.00000000000000e+00
   7.85785785785786e+00   0.00000000000000e+00   0.00000000000000e+00
   7.87787787787788e+00   0.00000000000000e+00   0.00000000000000e+00
   7.89789789789790e+00   0.00000000000000e+00   0.00000000000000e+00
   7.91791791791792e+00   0.00000000000000e+00   0.00000000000000e+00
   7.93793793793794e+00   0.00000000000000e+00   0.00000000000000e+00
   7.95795795795796e+00   0.00000000000000e+00   0.00000000000000e+00
   7.97797797797798e+00   0.00000000000000e+00   0.00000000000000e+00
   7.99799799799800e+00   0.00000000000000e+00   0.00000000000000e+00
   8.01801801801802e+00   0.00000000000000e+00   0.00000000000000e+00
   8.03803803803804e+00   0.00000000000000e+00   0.00000000000000e+00
   8.05805805805806e+00   0.00000000000000e+00   0.00000000000000e+00
   8.07807807807808e+00   0.00000000000000e+00   0.00000000000000e+00
   8.09809809809810e+00   0.00000000000000e+00   0.00000000000000e+00
   8.11811811811812e+00   0.00000000000000e+00   0.00000000000000e+00
   8.13813813813814e+00   0.00000000000000e+00   0.00000000000000e+00
   8.15815815815816e+00   0.00000000000000e+00   0.00000000000000e+00
   8.17817817817818e+00   0.00000000000000e+00   0.00000000000000e+00
   8.19819819819820e+00   0.00000000000000e+00   0.00000000000000e+00
   8.21821821821822e+00   0.00000000000000e+00   0.00000000000000e+00
   8.23823823823824e+00   0.00000000000000e+00   0.00000000000000e+00
   8.25825825825826e+00   0.00000000000000e+00   0.00000000000000e+00
   8.27827827827828e+00   0.00000000000000e+00   0.00000000000000e+00
   8.29829829829830e+00   0.00000000000000e+00   0.00000000000000e+00
   8.31831831831832e+00   0.00000000000000e+00   0.00000000000000e+00
   8.33833833833834e+00   0.00000000000000e+00   0.00000000000000e+00
   8.35835835835836e+00   0.00000000000000e+00   0.00000000000000e+00
   8.37837837837838e+00   0.00000000000000e+00   0.00000000000000e+00
   8.39839839839840e+00   0.00000000000000e+00   0.00000000000000e+00
   8.41841841841842e+00   0.00000000000000e+00   0.00000000000000e+00
   8.43843843843844e+00   0.00000000000000e+00   0.00000000000000e+00
   8.45845845845846e+00   0.00000000000000e+00   0.00000000000000e+00
   8.47847847847848e+00   0.00000000000000e+00   0.00000000000000e+00
   8.49849849849850e+00   0.00000000000000e+00   0.00000000000000e+00
   8.51851851851852e+00   0.00000000000000e+00   0.00000000000000e+00
   8.53853853853854e+00   0.00000000000000e+00   0.00000000000000e+00
   8.55855855855856e+00   0.00000000000000e+00   0.00000000000000e+00
   8.57857857857858e+00   0.00000000000000e+00   0.00000000000000e+00
   8.59859859859860e+00   0.00000000000000e+00   0.00000000000000e+00
   8.61861861861862e+00   0.00000000000000e+00   0.00000000000000e+00
   8.63863863863864e+00   0.00000000000000e+00   0.00000000000000e+00
   8.65865865865866e+00   0.00000000000000e+00   0.00000000000000e+00
   8.67867867867868e+00   0.00000000000000e+00   0.00000000000000e+00
   8.69869869869870e+00   0.00000000000000e+00   0.00000000000000e+00
   8.71871871871872e+00   0.00000000000000e+00   0.00000000000000e+00
   8.73873873873874e+00   0.00000000000000e+00   0.00000000000000e+00
   8.75875875875876e+00   0.00000000000000e+00   0.00000000000000e+00
   8.77877877877878e+00   0.00000000000000e+00   0.00000000000000e+00
   8.79879879879880e+00   0.00000000000000e+00   0.00000000000000e+00
   8.81881881881882e+00   0.00000000000000e+00   0.00000000000000e+00
   8.83883883883884e+00   0.00000000000000e+00   0.00000000000000e+00
   8.85885885885886e+00   0.00000000000000e+00   0.00000000000000e+00
   8.87887887887888e+00   0.00000000000000e+00   0.00000000000000e+00
   8.89889889889890e+00   0.00000000000000e+00   0.00000000000000e+00
   8.91891891891892e+00   0.00000000000000e+00   0.00000000000000e+00
   8.93893893893894e+00   0.00000000000000e+00   0.00000000000000e+00
   8.95895895895896e+00   0.00000000000000e+00   0.00000000000000e+00
   8.97897897897898e+00   0.00000000000000e+00   0.00000000000000e+00
   8.99899899899900e+00   0.00000000000000e+00   0.00000000000000e+00
   9.01901901901902e+00   0.00000000000000e+00   0.00000000000000e+00
   9.03903903903904e+00   0.00000000000000e+00   0.00000000000000e+00
   9.05905905905906e+00   0.00000000000000e+00   0.00000000000000e+00
   9.07907907907908e+00   0.00000000000000e+00   0.00000000000000e+00
   9.09909909909910e+00   0.00000000000000e+00   0.00000000000000e+00
   9.11911911911912e+00   0.00000000000000e+00   0.00000000000000e+00
   9.13913913913914e+00   0.00000000000000e+00   0.00000000000000e+00
   9.15915915915916e+00   0.00000000000000e+00   0.00000000000000e+00
   9.17917917917918e+00   0.00000000000000e+00   0.00000000000000e+00
   9.19919919919920e+00   0.00000000000000e+00   0.00000000000000e+00
   9.21921921921922e+00   0.00000000000000e+00   0.00000000000000e+00
   9.23923923923924e+00   0.00000000000000e+00   0.00000000000000e+00
   9.25925925925926e+00   0.00000000000000e+00   0.00000000000000e+00
   9.27927927927928e+00   0.00000000000000e+00   0.00000000000000e+00
   9.29929929929930e+00   0.00000000000000e+00   0.00000000000000e+00
   9.31931931931932e+00   0.00000000000000e+00   0.00000000000000e+00
   9.33933933933934e+00   0.00000000000000e+00   0.00000000000000e+00
   9.35935935935936e+00   0.00000000000000e+00   0.00000000000000e+00
   9.37937937937938e+00   0.00000000000000e+00   0.00000000000000e+00
   9.39939939939940e+00   0.00000000000000e+00   0.00000000000000e+00
   9.41941941941942e+00   0.00000000000000e+00   0.00000000000000e+00
   9.43943943943944e+00   0.00000000000000e+00   0.00000000000000e+00
   9.45945945945946e+00   0.00000000000000e+00   0.00000000000000e+00
   9.47947947947948e+00   0.00000000000000e+00   0.00000000000000e+00
   9.49949949949950e+00   0.00000000000000e+00   0.00000000000000e+00
   9.51951951951952e+00   0.00000000000000e+00   0.00000000000000e+00
   9.53953953953954e+00   0.00000000000000e+00   0.00000000000000e+00
   9.55955955955956e+00   0.00000000000000e+00   0.00000000000000e+00
   9.57957957957958e+00   0.00000000000000e+00   0.00000000000000e+00
   9.59959959959960e+00   0.00000000000000e+00   0.00000000000000e+00
   9.61961961961962e+00   0.00000000000000e+00   0.00000000000000e+00
   9.63963963963964e+00   0.00000000000000e+00   0.00000000000000e+00
   9.65965965965966e+00   0.00000000000000e+00   0.00000000000000e+00
   9.67967967967968e+00   0.00000000000000e+00   0.00000000000000e+00
   9.69969969969970e+00   0.00000000000000e+00   0.00000000000000e+00
   9.71971971971972e+00   0.00000000000000e+00   0.00000000000000e+00
   9.73973973973974e+00   0.00000000000000e+00   0.00000000000000e+00
   9.75975975975976e+00   0.00000000000000e+00   0.00000000000000e+00
   9.77977977977978e+00   0.00000000000000e+00   0.00000000000000e+00
   9.79979979979980e+00   0.00000000000000e+00   0.00000000000000e+00
   9.81981981981982e+00   0.00000000000000e+00   0.00000000000000e+00
   9.83983983983984e+00   0.00000000000000e+00   0.00000000000000e+00
   9.85985985985986e+00   0.00000000000000e+00   0.00000000000000e+00
   9.87987987987988e+00   0.00000000000000e+00   0.00000000000000e+00
   9.89989989989990e+00   0.00000000000000e+00   0.00000000000000e+00
   9.91991991991992e+00   0.00000000000000e+00   0.00000000000000e+00
   9.93993993993994e+00   0.00000000000000e+00   0.00000000000000e+00
   9.95995995995996e+00   0.00000000000000e+00   0.00000000000000e+00
   9.97997997997998e+00   0.00000000000000e+00   0.00000000000000e+00
   1.00000000000000e+01   0.00000000000000e+00   0.00000000000000e+00
