 (-1.00000000000000e+01,0.00000000000000e+00) (-1.86003819733014e-43,1.55575399454233e-59)
 (-9.97997997997998e+00,0.00000000000000e+00) (-2.76929456444083e-43,4.66726200072358e-59)
 (-9.95995995995996e+00,0.00000000000000e+00) (-4.11970923014382e-43,-3.11150801225111e-59)
 (-9.93993993993994e+00,0.00000000000000e+00) (-6.12370258323313e-43,1.24460320976116e-58)
 (-9.91991991991992e+00,0.00000000000000e+00) (-9.09518886130909e-43,-1.24460321478010e-58)
 (-9.89989989989990e+00,0.00000000000000e+00) (-1.34976901147909e-42,0.00000000000000e+00)
 (-9.87987987987988e+00,0.00000000000000e+00) (-2.00150775591750e-42,-2.48920645062682e-58)
 (-9.85985985985986e+00,0.00000000000000e+00) (-2.96554956327916e-42,-4.97841292335433e-58)
 (-9.83983983983984e+00,0.00000000000000e+00) (-4.39039074627070e-42,-2.48920647308721e-58)
 (-9.81981981981982e+00,0.00000000000000e+00) (-6.49458241993232e-42,-4.97841296973732e-58)
 (-9.79979979979980e+00,0.00000000000000e+00) (-9.59951638780697e-42,9.95682598813441e-58)
 (-9.77977977977978e+00,0.00000000000000e+00) (-1.41774306687054e-41,-2.98704781151342e-57)
 (-9.75975975975976e+00,0.00000000000000e+00) (-2.09216416231726e-41,3.98273043610288e-57)
 (-9.73973973973974e+00,0.00000000000000e+00) (-3.08492085276766e-41,-1.99136522876501e-57)
 (-9.71971971971972e+00,0.00000000000000e+00) (-4.54508832616842e-41,0.00000000000000e+00)
 (-9.69969969969970e+00,0.00000000000000e+00) (-6.69099422051540e-41,7.96546100499876e-57)
 (-9.67967967967968e+00,0.00000000000000e+00) (-9.84212781123188e-41,7.96546105217551e-57)
 (-9.65965965965966e+00,0.00000000000000e+00) (-1.44656301523307e-40,1.59309222017758e-56)
 (-9.63963963963964e+00,0.00000000000000e+00) (-2.12439718298970e-40,0.00000000000000e+00)
 (-9.61961961961962e+00,0.00000000000000e+00) (-3.11733928018418e-40,6.37236896249689e-56)
 (-9.59959959959960e+00,0.00000000000000e+00) (-4.57069681565266e-40,-1.27447380107950e-55)
 (-9.57957957957958e+00,0.00000000000000e+00) (-6.69623577582904e-40,0.00000000000000e+00)
 (-9.55955955955956e+00,0.00000000000000e+00) (-9.80232349545981e-40,6.37236909543347e-56)
 (-9.53953953953954e+00,0.00000000000000e+00) (-1.43376273663977e-39,-1.27447382853225e-55)
 (-9.51951951951952e+00,0.00000000000000e+00) (-2.09544131624619e-39,2.54894767657052e-55)
 (-9.49949949949950e+00,0.00000000000000e+00) (-3.06001576779231e-39,2.54894769671147e-55)
 (-9.47947947947948e+00,0.00000000000000e+00) (-4.46500310920199e-39,5.09789543501606e-55)
 (-9.45945945945946e+00,0.00000000000000e+00) (-6.50983226488375e-39,5.09789547796305e-55)
 (-9.43943943943944e+00,0.00000000000000e+00) (-9.48348048140385e-39,5.09789552230799e-55)
 (-9.41941941941942e+00,0.00000000000000e+00) (-1.38043393186851e-38,-1.01957911361928e-54)
 (-9.39939939939940e+00,0.00000000000000e+00) (-2.00776742622461e-38,2.03915824615009e-54)
 (-9.37937937937938e+00,0.00000000000000e+00) (-2.91783735852877e-38,-2.03915826567721e-54)
 (-9.35935935935936e+00,0.00000000000000e+00) (-4.23700178475221e-38,-4.07831657167989e-54)
 (-9.33933933933934e+00,0.00000000000000e+00) (-6.14760697868591e-38,-4.07831661331798e-54)
 (-9.31931931931932e+00,0.00000000000000e+00) (-8.91257948259436e-38,0.00000000000000e+00)
 (-9.29929929929930e+00,0.00000000000000e+00) (-1.29107241274512e-37,2.44699002042259e-53)
 (-9.27927927927928e+00,0.00000000000000e+00) (-1.86873466817023e-37,-1.63132669861689e-53)
 (-9.25925925925926e+00,0.00000000000000e+00) (-2.70267939656267e-37,3.26265343509775e-53)
 (-9.23923923923924e+00,0.00000000000000e+00) (-3.90563143486374e-37,0.00000000000000e+00)
 (-9.21921921921922e+00,0.00000000000000e+00) (-5.63946380689541e-37,-3.26265351456330e-53)
 (-9.19919919919920e+00,0.00000000000000e+00) (-8.13643558783728e-37,-6.52530711249283e-53)
 (-9.17917917917918e+00,0.00000000000000e+00) (-1.17295237615677e-36,-1.30506143971454e-52)
 (-9.15915915915916e+00,0.00000000000000e+00) (-1.68957070527316e-36,-1.30506145749090e-52)
 (-9.13913913913914e+00,0.00000000000000e+00) (-2.43176809471566e-36,-1.30506147584589e-52)
 (-9.11911911911912e+00,0.00000000000000e+00) (-3.49717790647277e-36,-2.61012298959671e-52)
 (-9.09909909909910e+00,0.00000000000000e+00) (-5.02531247546854e-36,-5.22024605747090e-52)
 (-9.07907907907908e+00,0.00000000000000e+00) (-7.21536297005210e-36,-1.04404922765928e-51)
 (-9.05905905905906e+00,0.00000000000000e+00) (-1.03514944116057e-35,0.00000000000000e+00)
 (-9.03903903903904e+00,0.00000000000000e+00) (-1.48387619744363e-35,1.04404926158514e-51)
 (-9.01901901901902e+00,0.00000000000000e+00) (-2.12540659190982e-35,-2.08809855876146e-51)
 (-8.99899899899900e+00,0.00000000000000e+00) (-3.04183818058349e-35,-2.08809859551115e-51)
 (-8.97897897897898e+00,0.00000000000000e+00) (-4.34990637615495e-35,0.00000000000000e+00)
 (-8.95895895895896e+00,0.00000000000000e+00) (-6.21546209496213e-35,0.00000000000000e+00)
 (-8.93893893893894e+00,0.00000000000000e+00) (-8.87394300259926e-35,0.00000000000000e+00)
 (-8.91891891891892e+00,0.00000000000000e+00) (-1.26592955119054e-34,-8.35239501947163e-51)
 (-8.89889889889890e+00,0.00000000000000e+00) (-1.80448020190967e-34,-1.67047903840079e-50)
 (-8.87887887887888e+00,0.00000000000000e+00) (-2.57006658897247e-34,0.00000000000000e+00)
 (-8.85885885885886e+00,0.00000000000000e+00) (-3.65751647380610e-34,0.00000000000000e+00)
 (-8.83883883883884e+00,0.00000000000000e+00) (-5.20089225605535e-34,-6.68191659522735e-50)
 (-8.81881881881882e+00,0.00000000000000e+00) (-7.38956823143988e-34,-6.68191675212116e-50)
 (-8.79879879879880e+00,0.00000000000000e+00) (-1.04908312415626e-33,-1.33638338282439e-49)
 (-8.77877877877878e+00,0.00000000000000e+00) (-1.48816250728556e-33,2.67276683255840e-49)
 (-8.75875875875876e+00,0.00000000000000e+00) (-2.10931007378684e-33,0.00000000000000e+00)
 (-8.73873873873874e+00,0.00000000000000e+00) (-2.98730863848623e-33,-2.67276697298236e-49)
 (-8.71871871871872e+00,0.00000000000000e+00) (-4.22736115309079e-33,2.67276704664081e-49)
 (-8.69869869869870e+00,0.00000000000000e+00) (-5.97734314901390e-33,0.00000000000000e+00)
 (-8.67867867867868e+00,0.00000000000000e+00) (-8.44494049169209e-33,5.34553440245729e-49)
 (-8.65865865865866e+00,0.00000000000000e+00) (-1.19216002851886e-32,0.00000000000000e+00)
 (-8.63863863863864e+00,0.00000000000000e+00) (-1.68159755204040e-32,-3.20732083925297e-48)
 (-8.61861861861862e+00,0.00000000000000e+00) (-2.37005875713109e-32,2.13821396199760e-48)
 (-8.59859859859860e+00,0.00000000000000e+00) (-3.33768759775244e-32,4.27642806682234e-48)
 (-8.57857857857858e+00,0.00000000000000e+00) (-4.69658051200321e-32,-4.27642821429860e-48)
 (-8.55855855855856e+00,0.00000000000000e+00) (-6.60339630144417e-32,-4.27642836657530e-48)
 (-8.53853853853854e+00,0.00000000000000e+00) (-9.27689081613228e-32,-8.55285704761741e-48)
 (-8.51851851851852e+00,0.00000000000000e+00) (-1.30222794198327e-31,-2.56585721169610e-47)
 (-8.49849849849850e+00,0.00000000000000e+00) (-1.82650575377168e-31,1.71057154151851e-47)
 (-8.47847847847848e+00,0.00000000000000e+00) (-2.55979118085486e-31,-1.71057161075561e-47)
 (-8.45845845845846e+00,0.00000000000000e+00) (-3.58457341822649e-31,-3.42114336449287e-47)
 (-8.43843843843844e+00,0.00000000000000e+00) (-5.01556493534213e-31,6.84228702425733e-47)
 (-8.41841841841842e+00,0.00000000000000e+00) (-7.01215745910379e-31,0.00000000000000e+00)
 (-8.39839839839840e+00,0.00000000000000e+00) (-9.79564132826165e-31,0.00000000000000e+00)
 (-8.37837837837838e+00,0.00000000000000e+00) (-1.36729898472893e-30,1.36845759380028e-46)
 (-8.35835835835836e+00,0.00000000000000e+00) (-1.90696840342829e-30,5.47383064370908e-46)
 (-8.33833833833834e+00,0.00000000000000e+00) (-2.65749759926065e-30,-5.47383092095713e-46)
 (-8.31831831831832e+00,0.00000000000000e+00) (-3.70042520223645e-30,0.00000000000000e+00)
 (-8.29829829829830e+00,0.00000000000000e+00) (-5.14848833385413e-30,0.00000000000000e+00)
 (-8.27827827827828e+00,0.00000000000000e+00) (-7.15743112202203e-30,0.00000000000000e+00)
 (-8.25825825825826e+00,0.00000000000000e+00) (-9.94223332646247e-30,0.00000000000000e+00)
 (-8.23823823823824e+00,0.00000000000000e+00) (-1.37993948544129e-29,-2.18953297943486e-45)
 (-8.21821821821822e+00,0.00000000000000e+00) (-1.91375102761355e-29,1.09476655691705e-45)
 (-8.19819819819820e+00,0.00000000000000e+00) (-2.65191820224220e-29,0.00000000000000e+00)
 (-8.17817817817818e+00,0.00000000000000e+00) (-3.67184289555836e-29,-2.18953339589935e-45)
 (-8.15815815815816e+00,0.00000000000000e+00) (-5.07992528533503e-29,-4.37906708770960e-45)
 (-8.13813813813814e+00,0.00000000000000e+00) (-7.02230701072311e-29,4.37906739325263e-45)
 (-8.11811811811812e+00,0.00000000000000e+00) (-9.69954900762015e-29,8.75813541748259e-45)
 (-8.09809809809810e+00,0.00000000000000e+00) (-1.33866681965464e-28,-1.75162721379974e-44)
 (-8.07807807807808e+00,0.00000000000000e+00) (-1.84604665056307e-28,0.00000000000000e+00)
 (-8.05805805805806e+00,0.00000000000000e+00) (-2.54367748804349e-28,-1.75162748726865e-44)
 (-8.03803803803804e+00,0.00000000000000e+00) (-3.50211666939004e-28,0.00000000000000e+00)
 (-8.01801801801802e+00,0.00000000000000e+00) (-4.81779536247249e-28,3.50325555766108e-44)
 (-7.99799799799800e+00,0.00000000000000e+00) (-6.62239758300122e-28,3.50325586353481e-44)
 (-7.97797797797798e+00,0.00000000000000e+00) (-9.09559889931586e-28,-1.40130247174599e-43)
 (-7.95795795795796e+00,0.00000000000000e+00) (-1.24823537200527e-27,-7.00651301095126e-44)
 (-7.93793793793794e+00,0.00000000000000e+00) (-1.71163355305941e-27,2.80260547376116e-43)
 (-7.91791791791792e+00,0.00000000000000e+00) (-2.34516932413701e-27,-1.40130287595518e-43)
 (-7.89789789789790e+00,0.00000000000000e+00) (-3.21060377247107e-27,-2.80260603911355e-43)
 (-7.87787787787788e+00,0.00000000000000e+00) (-4.39185808187115e-27,5.60521267133085e-43)
 (-7.85785785785786e+00,0.00000000000000e+00) (-6.00287015426884e-27,0.00000000000000e+00)
 (-7.83783783783784e+00,0.00000000000000e+00) (-8.19820269716584e-27,-5.60521391608479e-43)
 (-7.81781781781782e+00,0.00000000000000e+00) (-1.11873542654142e-26,-1.12104291380246e-42)
 (-7.79779779779780e+00,0.00000000000000e+00) (-1.52540495264165e-26,-1.12104304863863e-42)
 (-7.77777777777778e+00,0.00000000000000e+00) (-2.07822191811035e-26,4.48417275145529e-42)
 (-7.75775775775776e+00,0.00000000000000e+00) (-2.82909598508690e-26,0.00000000000000e+00)
 (-7.73773773773774e+00,0.00000000000000e+00) (-3.84815380611204e-26,-2.24208696011485e-42)
 (-7.71771771771772e+00,0.00000000000000e+00) (-5.23005341773071e-26,-8.96834906660534e-42)
 (-7.69769769769770e+00,0.00000000000000e+00) (-7.10245965322080e-26,0.00000000000000e+00)
 (-7.67767767767768e+00,0.00000000000000e+00) (-9.63741052251714e-26,-8.96835163993277e-42)
 (-7.65765765765766e+00,0.00000000000000e+00) (-1.30665477580535e-25,8.96835298975491e-42)
 (-7.63763763763764e+00,0.00000000000000e+00) (-1.77015079139299e-25,-1.79367087670299e-41)
 (-7.61761761761762e+00,0.00000000000000e+00) (-2.39611994256071e-25,0.00000000000000e+00)
 (-7.59759759759760e+00,0.00000000000000e+00) (-3.24082600439870e-25,-1.79367146172327e-41)
 (-7.57757757757758e+00,0.00000000000000e+00) (-4.37977430657744e-25,3.58734353718372e-41)
 (-7.55755755755756e+00,0.00000000000000e+00) (-5.91420790634679e-25,3.58734417089862e-41)
 (-7.53753753753754e+00,0.00000000000000e+00) (-7.97976803480967e-25,1.43493793009662e-40)
 (-7.51751751751752e+00,0.00000000000000e+00) (-1.07580300662642e-24,7.17469100176793e-41)
 (-7.49749749749750e+00,0.00000000000000e+00) (-1.44918567186230e-24,1.43493847940768e-40)
 (-7.47747747747748e+00,0.00000000000000e+00) (-1.95058142397892e-24,0.00000000000000e+00)
 (-7.45745745745746e+00,0.00000000000000e+00) (-2.62332981149549e-24,-1.43493906506201e-40)
 (-7.43743743743744e+00,0.00000000000000e+00) (-3.52525426533252e-24,-2.86987874452646e-40)
 (-7.41741741741742e+00,0.00000000000000e+00) (-4.73343833381940e-24,8.60963813678500e-40)
 (-7.39739739739740e+00,0.00000000000000e+00) (-6.35055538943270e-24,0.00000000000000e+00)
 (-7.37737737737738e+00,0.00000000000000e+00) (-8.51324993500357e-24,-1.72192842621336e-39)
 (-7.35735735735736e+00,0.00000000000000e+00) (-1.14032260298399e-23,0.00000000000000e+00)
 (-7.33733733733734e+00,0.00000000000000e+00) (-1.52619047272180e-23,1.14795285194896e-39)
 (-7.31731731731732e+00,0.00000000000000e+00) (-2.04097827659167e-23,3.44385944936511e-39)
 (-7.29729729729730e+00,0.00000000000000e+00) (-2.72719786117706e-23,0.00000000000000e+00)
 (-7.27727727727728e+00,0.00000000000000e+00) (-3.64119146811661e-23,-4.59181509947120e-39)
 (-7.25725725725726e+00,0.00000000000000e+00) (-4.85756891642537e-23,4.59181641099709e-39)
 (-7.23723723723724e+00,0.00000000000000e+00) (-6.47504800841487e-23,-4.59181776521469e-39)
 (-7.21721721721722e+00,0.00000000000000e+00) (-8.62413535492306e-23,-9.18363832702740e-39)
 (-7.19719719719720e+00,0.00000000000000e+00) (-1.14772189432013e-22,-1.83672824293162e-38)
 (-7.17717717717718e+00,0.00000000000000e+00) (-1.52618183930126e-22,0.00000000000000e+00)
 (-7.15715715715716e+00,0.00000000000000e+00) (-2.02779659867548e-22,3.67345890998683e-38)
 (-7.13713713713714e+00,0.00000000000000e+00) (-2.69209867496051e-22,3.67346018154580e-38)
 (-7.11711711711712e+00,0.00000000000000e+00) (-3.57113291413531e-22,0.00000000000000e+00)
 (-7.09709709709710e+00,0.00000000000000e+00) (-4.73335951498873e-22,-3.67346285018380e-38)
 (-7.07707707707708e+00,0.00000000000000e+00) (-6.26875630443537e-22,-7.34692850000284e-38)
 (-7.05705705705706e+00,0.00000000000000e+00) (-8.29548306086871e-22,0.00000000000000e+00)
 (-7.03703703703704e+00,0.00000000000000e+00) (-1.09685786438701e-21,7.34693437563583e-38)
 (-7.01701701701702e+00,0.00000000000000e+00) (-1.44913012640067e-21,0.00000000000000e+00)
 (-6.99699699699700e+00,0.00000000000000e+00) (-1.91299024870172e-21,-1.46938812800303e-37)
 (-6.97697697697698e+00,0.00000000000000e+00) (-2.52328581632656e-21,0.00000000000000e+00)
 (-6.95695695695696e+00,0.00000000000000e+00) (-3.32558793318944e-21,-5.87755785508956e-37)
 (-6.93693693693694e+00,0.00000000000000e+00) (-4.37944123735129e-21,0.00000000000000e+00)
 (-6.91691691691692e+00,0.00000000000000e+00) (-5.76258347041054e-21,0.00000000000000e+00)
 (-6.89689689689690e+00,0.00000000000000e+00) (-7.57641913244520e-21,1.17551330795833e-36)
 (-6.87687687687688e+00,0.00000000000000e+00) (-9.95311383962587e-21,0.00000000000000e+00)
 (-6.85685685685686e+00,0.00000000000000e+00) (-1.30647813500887e-20,0.00000000000000e+00)
 (-6.83683683683684e+00,0.00000000000000e+00) (-1.71353703056903e-20,0.00000000000000e+00)
 (-6.81681681681682e+00,0.00000000000000e+00) (-2.24560307886759e-20,2.35103179884097e-36)
 (-6.79679679679680e+00,0.00000000000000e+00) (-2.94049622855781e-20,0.00000000000000e+00)
 (-6.77677677677678e+00,0.00000000000000e+00) (-3.84730278899792e-20,-7.05310395071204e-36)
 (-6.75675675675676e+00,0.00000000000000e+00) (-5.02967814466663e-20,9.40414458368339e-36)
 (-6.73673673673674e+00,0.00000000000000e+00) (-6.57010162531761e-20,9.40415076116685e-36)
 (-6.71671671671672e+00,0.00000000000000e+00) (-8.57535330143762e-20,0.00000000000000e+00)
 (-6.69669669669670e+00,0.00000000000000e+00) (-1.11835575319777e-19,9.40416372594746e-36)
 (-6.67667667667668e+00,0.00000000000000e+00) (-1.45732336387033e-19,1.88083410531000e-35)
 (-6.65665665665666e+00,0.00000000000000e+00) (-1.89749156019570e-19,0.00000000000000e+00)
 (-6.63663663663664e+00,0.00000000000000e+00) (-2.46860570859963e-19,3.76167391963327e-35)
 (-6.61661661661662e+00,0.00000000000000e+00) (-3.20901341332098e-19,1.88083845713231e-35)
 (-6.59659659659660e+00,0.00000000000000e+00) (-4.16811065055889e-19,-3.76168000637795e-35)
 (-6.57657657657658e+00,0.00000000000000e+00) (-5.40947137294402e-19,-3.76168319914670e-35)
 (-6.55655655655656e+00,0.00000000000000e+00) (-7.01484808039537e-19,0.00000000000000e+00)
 (-6.53653653653654e+00,0.00000000000000e+00) (-9.08928131067855e-19,-7.52337979972822e-35)
 (-6.51651651651652e+00,0.00000000000000e+00) (-1.17676197677428e-18,0.00000000000000e+00)
 (-6.49649649649650e+00,0.00000000000000e+00) (-1.52228333141010e-18,0.00000000000000e+00)
 (-6.47647647647648e+00,0.00000000000000e+00) (-1.96766026084564e-18,-1.50468031652617e-34)
 (-6.45645645645646e+00,0.00000000000000e+00) (-2.54127971560688e-18,-1.50468186427449e-34)
 (-6.43643643643644e+00,0.00000000000000e+00) (-3.27946146879944e-18,-3.00936692481251e-34)
 (-6.41641641641642e+00,0.00000000000000e+00) (-4.22863575024143e-18,0.00000000000000e+00)
 (-6.39639639639640e+00,0.00000000000000e+00) (-5.44810761746264e-18,-6.01874726573781e-34)
 (-6.37637637637638e+00,0.00000000000000e+00) (-7.01356309444665e-18,-6.01875430309322e-34)
 (-6.35635635635636e+00,0.00000000000000e+00) (-9.02151223994972e-18,1.20375231390718e-33)
 (-6.33633633633634e+00,0.00000000000000e+00) (-1.15949146040372e-17,0.00000000000000e+00)
 (-6.31631631631632e+00,0.00000000000000e+00) (-1.48902955110168e-17,1.20375536395163e-33)
 (-6.29629629629630e+00,0.00000000000000e+00) (-1.91067403942366e-17,-1.20375696383805e-33)
 (-6.27627627627628e+00,0.00000000000000e+00) (-2.44972528796059e-17,2.40751723161235e-33)
 (-6.25625625625626e+00,0.00000000000000e+00) (-3.13830852737731e-17,0.00000000000000e+00)
 (-6.23623623623624e+00,0.00000000000000e+00) (-4.01718035065308e-17,2.40752416565008e-33)
 (-6.21621621621622e+00,0.00000000000000e+00) (-5.13800397602240e-17,4.81505560573757e-33)
 (-6.19619619619620e+00,0.00000000000000e+00) (-6.56621240794000e-17,0.00000000000000e+00)
 (-6.17617617617618e+00,0.00000000000000e+00) (-8.38460824092060e-17,1.44452126182586e-32)
 (-6.15615615615616e+00,0.00000000000000e+00) (-1.06978856593992e-16,0.00000000000000e+00)
 (-6.13613613613614e+00,0.00000000000000e+00) (-1.36383058919486e-16,0.00000000000000e+00)
 (-6.11611611611612e+00,0.00000000000000e+00) (-1.73728140775728e-16,1.92603827523593e-32)
 (-6.09609609609610e+00,0.00000000000000e+00) (-2.21119557739989e-16,-1.92604180167263e-32)
 (-6.07607607607608e+00,0.00000000000000e+00) (-2.81210383502011e-16,1.92604544291044e-32)
 (-6.05605605605606e+00,0.00000000000000e+00) (-3.57340901442537e-16,-5.77814760806130e-32)
 (-6.03603603603604e+00,0.00000000000000e+00) (-4.53713032972003e-16,3.85210616972414e-32)
 (-6.01601601601602e+00,0.00000000000000e+00) (-5.75608104282040e-16,3.85211418684102e-32)
 (-5.99599599599600e+00,0.00000000000000e+00) (7.29665115742960e-16,7.70424492990942e-32)
 (-5.97597597597598e+00,0.00000000000000e+00) (9.24194792327455e-16,7.70426202512627e-32)
 (-5.95595595595596e+00,0.00000000000000e+00) (1.16963533829918e-15,7.70433845587119e-32)
 (-5.93593593593594e+00,0.00000000000000e+00) (1.47905541113365e-15,-3.08171328340613e-31)
 (-5.91591591591592e+00,0.00000000000000e+00) (1.86881097314362e-15,-3.08174432301504e-31)
 (-5.89589589589590e+00,0.00000000000000e+00) (2.35935472658286e-15,1.54085547522826e-31)
 (-5.87587587587588e+00,0.00000000000000e+00) (2.97624041828310e-15,-3.08174248827219e-31)
 (-5.85585585585586e+00,0.00000000000000e+00) (3.75136782195657e-15,-6.16350155123233e-31)
 (-5.83583583583584e+00,0.00000000000000e+00) (4.72452470435498e-15,-3.08175933276476e-31)
 (-5.81581581581582e+00,0.00000000000000e+00) (5.94529492088567e-15,-2.35120252113600e-36)
 (-5.79579579579580e+00,0.00000000000000e+00) (7.47541747416215e-15,-4.70241896347590e-36)
 (-5.77577577577578e+00,0.00000000000000e+00) (9.39170051881439e-15,6.16352640033143e-31)
 (-5.75575575575576e+00,0.00000000000000e+00) (1.17896176491738e-14,1.23271857578484e-30)
 (-5.73573573573574e+00,0.00000000000000e+00) (1.47877422583564e-14,0.00000000000000e+00)
 (-5.71571571571572e+00,0.00000000000000e+00) (1.85332103874471e-14,2.46546288823751e-30)
 (-5.69569569569570e+00,0.00000000000000e+00) (2.32084445927071e-14,-2.46548086003595e-30)
 (-5.67567567567568e+00,0.00000000000000e+00) (2.90394225125414e-14,2.46548970579380e-30)
 (-5.65565565565566e+00,0.00000000000000e+00) (3.63058358966333e-14,0.00000000000000e+00)
 (-5.63563563563564e+00,0.00000000000000e+00) (4.53535611278542e-14,4.93097892100033e-30)
 (-5.61561561561562e+00,0.00000000000000e+00) (-5.66099534355713e-14,-9.86199679451917e-30)
 (-5.59559559559560e+00,0.00000000000000e+00) (7.06025873175380e-14,-4.93101850764382e-30)
 (-5.57557557557558e+00,0.00000000000000e+00) (8.79821990485359e-14,4.93096403111672e-30)
 (-5.55555555555556e+00,0.00000000000000e+00) (1.09550748211935e-13,9.86219667015011e-30)
 (-5.53553553553554e+00,0.00000000000000e+00) (1.36295709506168e-13,-9.86224094925545e-30)
 (-5.51551551551552e+00,0.00000000000000e+00) (1.69431940288184e-13,-1.97245733401771e-29)
 (-5.49549549549550e+00,0.00000000000000e+00) (2.10452751331711e-13,1.50486124214844e-34)
 (-5.47547547547548e+00,0.00000000000000e+00) (2.61192147521141e-13,-1.97246147657222e-29)
 (-5.45545545545546e+00,0.00000000000000e+00) (3.23900612879458e-13,3.94491298903468e-29)
 (-5.43543543543544e+00,0.00000000000000e+00) (4.01337303758585e-13,7.89001804415624e-29)
 (-5.41541541541542e+00,0.00000000000000e+00) (4.96882101010459e-13,0.00000000000000e+00)
 (-5.39539539539540e+00,0.00000000000000e+00) (6.14671675250495e-13,0.00000000000000e+00)
 (-5.37537537537538e+00,0.00000000000000e+00) (7.59764561120653e-13,-1.80589159834423e-33)
 (-5.35535535535536e+00,0.00000000000000e+00) (9.38341243020863e-13,-1.57802160993853e-28)
 (-5.33533533533534e+00,0.00000000000000e+00) (1.15794645714232e-12,-1.20394239082381e-33)
 (-5.31531531531532e+00,0.00000000000000e+00) (1.42778234944261e-12,-1.20395008003333e-33)
 (-5.29529529529530e+00,0.00000000000000e+00) (1.75906283965300e-12,0.00000000000000e+00)
 (-5.27527527527528e+00,0.00000000000000e+00) (2.16544157838663e-12,-4.73413964427067e-28)
 (-5.25525525525526e+00,0.00000000000000e+00) (2.66352830778826e-12,-3.15612331325933e-28)
 (-5.23523523523524e+00,0.00000000000000e+00) (3.27351131628276e-12,-3.15621846554774e-28)
 (-5.21521521521522e+00,0.00000000000000e+00) (4.01990709742223e-12,-4.81596979654549e-33)
 (-5.19519519519520e+00,0.00000000000000e+00) (4.93246237842446e-12,0.00000000000000e+00)
 (-5.17517517517518e+00,0.00000000000000e+00) (6.04723848913538e-12,6.31258356450859e-28)
 (-5.15515515515516e+00,0.00000000000000e+00) (7.40791372948442e-12,6.31253933821800e-28)
 (-5.13513513513514e+00,0.00000000000000e+00) (9.06734611802668e-12,0.00000000000000e+00)
 (-5.11511511511512e+00,0.00000000000000e+00) (1.10894468467686e-11,6.31284131933103e-28)
 (-5.09509509509510e+00,0.00000000000000e+00) (1.35514241390137e-11,1.26254120493993e-27)
 (-5.07507507507508e+00,0.00000000000000e+00) (1.65464682529576e-11,-2.52510609790222e-27)
 (-5.05505505505506e+00,0.00000000000000e+00) (2.01869613797219e-11,3.85304345313998e-32)
 (-5.03503503503504e+00,0.00000000000000e+00) (2.46083114820945e-11,-7.70616398213838e-32)
 (-5.01501501501502e+00,0.00000000000000e+00) (2.99735270942081e-11,0.00000000000000e+00)
 (-4.99499499499499e+00,0.00000000000000e+00) (3.64786711985808e-11,5.05049470489352e-27)
 (-4.97497497497497e+00,0.00000000000000e+00) (4.43593570313943e-11,1.54128212051477e-31)
 (-4.95495495495495e+00,0.00000000000000e+00) (5.38984776360550e-11,5.05037654485617e-27)
 (-4.93493493493493e+00,0.00000000000000e+00) (6.54353948776219e-11,5.05058996763836e-27)
 (-4.91491491491491e+00,0.00000000000000e+00) (7.93768532406605e-11,5.05065119193259e-27)
 (-4.89489489489489e+00,0.00000000000000e+00) (9.62099299749491e-11,1.01014288213414e-26)
 (-4.87487487487487e+00,0.00000000000000e+00) (1.16517387079062e-10,1.01012511026248e-26)
 (-4.85485485485485e+00,0.00000000000000e+00) (1.40995853429413e-10,-2.02036966540242e-26)
 (-4.83483483483483e+00,0.00000000000000e+00) (1.70477338458069e-10,-1.01018333889381e-26)
 (-4.81481481481481e+00,0.00000000000000e+00) (2.05954663744756e-10,2.02039542512032e-26)
 (-4.79479479479479e+00,0.00000000000000e+00) (2.48611497534463e-10,6.16584811112623e-31)
 (-4.77477477477477e+00,0.00000000000000e+00) (2.99857791598776e-10,1.23318833015863e-30)
 (-4.75475475475475e+00,0.00000000000000e+00) (3.61371552396918e-10,-1.23320764764174e-30)
 (-4.73473473473473e+00,0.00000000000000e+00) (4.35148031863097e-10,-4.04116350459792e-26)
 (-4.71471471471471e+00,0.00000000000000e+00) (5.23557600425057e-10,0.00000000000000e+00)
 (-4.69469469469469e+00,0.00000000000000e+00) (6.29413769540046e-10,-4.04117736477728e-26)
 (-4.67467467467467e+00,0.00000000000000e+00) (7.56053067086164e-10,1.21237479806607e-25)
 (-4.65465465465465e+00,0.00000000000000e+00) (9.07428740866313e-10,1.61652945363774e-25)
 (-4.63463463463463e+00,0.00000000000000e+00) (1.08822057835936e-09,-1.61665881216584e-25)
 (-4.61461461461461e+00,0.00000000000000e+00) (1.30396349044225e-09,-8.08197249535538e-26)
 (-4.59459459459459e+00,0.00000000000000e+00) (1.56119791960198e-09,1.61667389707482e-25)
 (-4.57457457457457e+00,0.00000000000000e+00) (1.86764560647713e-09,1.61675702586747e-25)
 (-4.55455455455455e+00,0.00000000000000e+00) (2.23241479065127e-09,0.00000000000000e+00)
 (-4.53453453453453e+00,0.00000000000000e+00) (2.66623954172190e-09,1.61643324360059e-25)
 (-4.51451451451451e+00,0.00000000000000e+00) (3.18175862517285e-09,-3.23333560097991e-25)
 (-4.49449449449449e+00,0.00000000000000e+00) (3.79384011611966e-09,-1.97363879079864e-29)
 (-4.47447447447447e+00,0.00000000000000e+00) (4.51995889558929e-09,-3.23349176564299e-25)
 (-4.45445445445445e+00,0.00000000000000e+00) (5.38063521316979e-09,6.46714737359129e-25)
 (-4.43443443443443e+00,0.00000000000000e+00) (6.39994369282470e-09,-6.46771131554124e-25)
 (-4.41441441441441e+00,0.00000000000000e+00) (7.60610351344746e-09,-6.46670172141336e-25)
 (-4.39439439439439e+00,0.00000000000000e+00) (9.03216203237407e-09,6.46767165530050e-25)
 (-4.37437437437437e+00,0.00000000000000e+00) (1.07167858608149e-08,1.57916326311597e-28)
 (-4.35435435435435e+00,0.00000000000000e+00) (1.27051753696314e-08,1.57921022750005e-28)
 (-4.33433433433433e+00,0.00000000000000e+00) (1.50501208292947e-08,1.57925872353346e-28)
 (-4.31431431431431e+00,0.00000000000000e+00) (1.78132208992618e-08,-1.29392770087764e-24)
 (-4.29429429429429e+00,0.00000000000000e+00) (2.10662870124838e-08,-3.88112052315092e-24)
 (-4.27427427427427e+00,0.00000000000000e+00) (2.48929603866944e-08,-1.57941391029722e-28)
 (-4.25425425425425e+00,0.00000000000000e+00) (2.93905719754420e-08,2.58748619791442e-24)
 (-4.23423423423423e+00,0.00000000000000e+00) (3.46722796922447e-08,-2.58821128529011e-24)
 (-4.21421421421421e+00,0.00000000000000e+00) (4.08695217485335e-08,2.58799171210885e-24)
 (-4.19419419419419e+00,0.00000000000000e+00) (4.81348299923285e-08,-7.76364170374292e-24)
 (-4.17417417417417e+00,0.00000000000000e+00) (5.66450527765714e-08,-1.03527756340808e-23)
 (-4.15415415415415e+00,0.00000000000000e+00) (6.66050431852889e-08,-6.31909175272868e-28)
 (-4.13413413413413e+00,0.00000000000000e+00) (7.82518754690074e-08,5.17681903437944e-24)
 (-4.11411411411411e+00,0.00000000000000e+00) (9.18596603601855e-08,-1.26392706427114e-27)
 (-4.09409409409409e+00,0.00000000000000e+00) (1.07745038632601e-07,1.03558217050932e-23)
 (-4.07407407407407e+00,0.00000000000000e+00) (-1.26273441919234e-07,1.26404299117468e-27)
 (-4.05405405405405e+00,0.00000000000000e+00) (1.47866220500892e-07,2.52820761670690e-27)
 (-4.03403403403403e+00,0.00000000000000e+00) (1.73008749618459e-07,2.52833322261600e-27)
 (-4.01401401401401e+00,0.00000000000000e+00) (2.02259638947574e-07,-2.07156967868627e-23)
 (-3.99399399399399e+00,0.00000000000000e+00) (2.36261184314323e-07,2.07142655896866e-23)
 (-3.97397397397397e+00,0.00000000000000e+00) (2.75751216639444e-07,2.07204561644594e-23)
 (-3.95395395395395e+00,0.00000000000000e+00) (3.21576520598148e-07,-1.51732681726751e-26)
 (-3.93393393393393e+00,0.00000000000000e+00) (3.74708014700952e-07,4.14355543123466e-23)
 (-3.91391391391391e+00,0.00000000000000e+00) (4.36257905571912e-07,-4.14481666730637e-23)
 (-3.89389389389389e+00,0.00000000000000e+00) (5.07499052264316e-07,8.28913716631359e-23)
 (-3.87387387387387e+00,0.00000000000000e+00) (5.89886801655500e-07,-4.14534065770081e-23)
 (-3.85385385385385e+00,0.00000000000000e+00) (6.85083583452232e-07,-4.14561556630593e-23)
 (-3.83383383383383e+00,0.00000000000000e+00) (7.94986583270321e-07,-1.65795501047160e-22)
 (-3.81381381381381e+00,0.00000000000000e+00) (9.21758844784575e-07,2.02401398031531e-26)
 (-3.79379379379379e+00,0.00000000000000e+00) (1.06786418723780e-06,-2.48728999286973e-22)
 (-3.77377377377377e+00,0.00000000000000e+00) (1.23610636281132e-06,8.29159182066395e-23)
 (-3.75375375375375e+00,0.00000000000000e+00) (1.42967291965525e-06,-8.29628639133708e-23)
 (-3.73373373373373e+00,0.00000000000000e+00) (1.65218428091291e-06,-4.04926962642237e-26)
 (-3.71371371371371e+00,0.00000000000000e+00) (1.90774859800550e-06,-1.65912351220375e-22)
 (-3.69369369369369e+00,0.00000000000000e+00) (2.20102298791877e-06,1.65967076149349e-22)
 (-3.67367367367367e+00,0.00000000000000e+00) (2.53728181939304e-06,-8.10062326688898e-26)
 (-3.65365365365365e+00,0.00000000000000e+00) (2.92249277189063e-06,8.10136390316822e-26)
 (-3.63363363363363e+00,0.00000000000000e+00) (3.36340145411506e-06,-3.31782173938881e-22)
 (-3.61361361361361e+00,0.00000000000000e+00) (3.86762543578023e-06,-3.31895550989976e-22)
 (-3.59359359359359e+00,0.00000000000000e+00) (4.44375861735227e-06,-3.31928966573257e-22)
 (-3.57357357357357e+00,0.00000000000000e+00) (5.10148693765974e-06,3.31801385373111e-22)
 (-3.55355355355355e+00,0.00000000000000e+00) (5.85171649861084e-06,1.62108944393838e-25)
 (-3.53353353353353e+00,0.00000000000000e+00) (6.70671526975502e-06,0.00000000000000e+00)
 (-3.51351351351351e+00,0.00000000000000e+00) (7.68026962302427e-06,1.32829577442458e-21)
 (-3.49349349349349e+00,0.00000000000000e+00) (8.78785703959154e-06,6.65199400506261e-22)
 (-3.47347347347347e+00,0.00000000000000e+00) (1.00468364262363e-05,-6.48737806169034e-25)
 (-3.45345345345345e+00,0.00000000000000e+00) (1.14766575777055e-05,6.48819604592641e-25)
 (-3.43343343343343e+00,0.00000000000000e+00) (1.30990914240332e-05,0.00000000000000e+00)
 (-3.41341341341341e+00,0.00000000000000e+00) (1.49384828072937e-05,-6.48991342957827e-25)
 (-3.39339339339339e+00,0.00000000000000e+00) (1.70220276403967e-05,6.49081463515869e-25)
 (-3.37337337337337e+00,0.00000000000000e+00) (1.93800764107900e-05,-3.98917757174257e-21)
 (-3.35335335335335e+00,0.00000000000000e+00) (2.20464661037296e-05,1.33230343936266e-21)
 (-3.33333333333333e+00,0.00000000000000e+00) (2.50588827324224e-05,1.32861097769268e-21)
 (-3.31331331331331e+00,0.00000000000000e+00) (2.84592567750568e-05,-1.29894508152265e-24)
 (-3.29329329329329e+00,0.00000000000000e+00) (3.22941939306102e-05,1.29915694926080e-24)
 (-3.27327327327327e+00,0.00000000000000e+00) (3.66154437153525e-05,-7.98206545297040e-21)
 (-3.25325325325325e+00,0.00000000000000e+00) (4.14804085290078e-05,-5.32316906801767e-21)
 (-3.23323323323323e+00,0.00000000000000e+00) (4.69526959223310e-05,5.32412539182638e-21)
 (-3.21321321321321e+00,0.00000000000000e+00) (5.31027168950117e-05,1.06476262573228e-20)
 (-3.19319319319319e+00,0.00000000000000e+00) (6.00083331427952e-05,-5.33133485928724e-21)
 (-3.17317317317317e+00,0.00000000000000e+00) (6.77555562538415e-05,-5.20233157473191e-24)
 (-3.15315315315315e+00,0.00000000000000e+00) (7.64393019248257e-05,-1.06513491106113e-20)
 (-3.13313313313313e+00,0.00000000000000e+00) (8.61642023251514e-05,-1.56134791380185e-23)
 (-3.11311311311311e+00,0.00000000000000e+00) (9.70454797808258e-05,-5.33576823744301e-21)
 (-3.09309309309309e+00,0.00000000000000e+00) (1.09209884975796e-04,-1.06635253752607e-20)
 (-3.07307307307307e+00,0.00000000000000e+00) (1.22796702875520e-04,1.06660047910507e-20)
 (-3.05305305305305e+00,0.00000000000000e+00) (1.37958829562751e-04,-2.08370432140886e-23)
 (-3.03303303303303e+00,0.00000000000000e+00) (1.54863923136371e-04,1.04211055874444e-23)
 (-3.01301301301301e+00,0.00000000000000e+00) (1.73695631757875e-04,-2.13791625624616e-20)
 (-2.99299299299299e+00,0.00000000000000e+00) (1.94654901834099e-04,-1.06767695651540e-20)
 (-2.97297297297297e+00,0.00000000000000e+00) (2.17961369195960e-04,-2.08587636852947e-23)
 (-2.95295295295295e+00,0.00000000000000e+00) (2.43854835968661e-04,2.13862667911496e-20)
 (-2.93293293293293e+00,0.00000000000000e+00) (2.72596835625852e-04,4.27641308694325e-20)
 (-2.91291291291291e+00,0.00000000000000e+00) (3.04472288475853e-04,-4.27978830818320e-20)
 (-2.89289289289289e+00,0.00000000000000e+00) (3.39791249539271e-04,-2.14682465198733e-20)
 (-2.87287287287287e+00,0.00000000000000e+00) (3.78890750441318e-04,2.14333616072231e-20)
 (-2.85285285285285e+00,0.00000000000000e+00) (4.22136736556208e-04,8.56365065524758e-20)
 (-2.83283283283283e+00,0.00000000000000e+00) (4.69926100202519e-04,-4.27284045546783e-20)
 (-2.81281281281281e+00,0.00000000000000e+00) (5.22688810194964e-04,0.00000000000000e+00)
 (-2.79279279279279e+00,0.00000000000000e+00) (5.80890137507482e-04,-4.29265107727664e-20)
 (-2.77277277277277e+00,0.00000000000000e+00) (6.45032976193051e-04,-8.37090104064022e-23)
 (-2.75275275275275e+00,0.00000000000000e+00) (7.15660258035533e-04,-4.28757321436229e-20)
 (-2.73273273273273e+00,0.00000000000000e+00) (7.93357458677157e-04,8.37754092421788e-23)
 (-2.71271271271271e+00,0.00000000000000e+00) (8.78755192171109e-04,8.56541052882571e-20)
 (-2.69269269269269e+00,0.00000000000000e+00) (9.72531890052005e-04,1.71549561010377e-19)
 (-2.67267267267267e+00,0.00000000000000e+00) (1.07541656009814e-03,-1.71793523972773e-19)
 (-2.65265265265265e+00,0.00000000000000e+00) (1.18819161897928e-03,1.71872347414817e-19)
 (-2.63263263263263e+00,0.00000000000000e+00) (1.31169579194429e-03,-8.61448295194029e-20)
 (-2.61261261261261e+00,0.00000000000000e+00) (1.44682707160586e-03,0.00000000000000e+00)
 (-2.59259259259259e+00,0.00000000000000e+00) (1.59454572672948e-03,1.72461211733206e-19)
 (-2.57257257257257e+00,0.00000000000000e+00) (1.75587735073292e-03,1.72214975773376e-19)
 (-2.55255255255255e+00,0.00000000000000e+00) (-1.93191593835739e-03,-1.72644485249751e-19)
 (-2.53253253253253e+00,0.00000000000000e+00) (2.12382697768719e-03,-3.45144819269087e-19)
 (-2.51251251251251e+00,0.00000000000000e+00) (2.33285054337770e-03,-1.72503384438288e-19)
 (-2.49249249249249e+00,0.00000000000000e+00) (-2.56030437561088e-03,1.73280315795874e-19)
 (-2.47247247247247e+00,0.00000000000000e+00) (2.80758692794014e-03,-3.46099115858519e-19)
 (-2.45245245245245e+00,0.00000000000000e+00) (3.07618036582356e-03,3.45643947010197e-19)
 (-2.43243243243243e+00,0.00000000000000e+00) (3.36765349628628e-03,3.45195333015361e-19)
 (-2.41241241241241e+00,0.00000000000000e+00) (3.68366460781033e-03,-3.43401514107360e-19)
 (-2.39239239239239e+00,0.00000000000000e+00) (4.02596419823684e-03,1.35292242870346e-21)
 (-2.37237237237237e+00,0.00000000000000e+00) (4.39639756719362e-03,-6.93197624924933e-19)
 (-2.35235235235235e+00,0.00000000000000e+00) (4.79690724834517e-03,3.46858127369495e-19)
 (-2.33233233233233e+00,0.00000000000000e+00) (5.22953525561648e-03,-1.04544668393835e-18)
 (-2.31231231231231e+00,0.00000000000000e+00) (5.69642511648167e-03,0.00000000000000e+00)
 (-2.29229229229229e+00,0.00000000000000e+00) (6.19982366444876e-03,-6.95380524097388e-19)
 (-2.27227227227227e+00,0.00000000000000e+00) (6.74208256202881e-03,6.98692201312858e-19)
 (-2.25225225225225e+00,0.00000000000000e+00) (7.32565952476536e-03,-6.99307891308623e-19)
 (-2.23223223223223e+00,0.00000000000000e+00) (7.95311921633627e-03,1.39716576456231e-18)
 (-2.21221221221221e+00,0.00000000000000e+00) (8.62713378433665e-03,7.06055378920978e-19)
 (-2.19219219219219e+00,0.00000000000000e+00) (9.35048300612542e-03,-6.93098122382843e-19)
 (-2.17217217217217e+00,0.00000000000000e+00) (1.01260540140807e-02,7.04720327895650e-19)
 (-2.15215215215215e+00,0.00000000000000e+00) (1.09568405697740e-02,7.05451868805342e-19)
 (-2.13213213213213e+00,0.00000000000000e+00) (1.18459418569510e-02,2.10767665926936e-18)
 (-2.11211211211211e+00,0.00000000000000e+00) (1.27965607638051e-02,7.12471853590274e-19)
 (-2.09209209209209e+00,0.00000000000000e+00) (-1.38120016258606e-02,-1.39914131481194e-18)
 (-2.07207207207207e+00,0.00000000000000e+00) (1.48956674018472e-02,-1.41727700943288e-18)
 (-2.05205205205205e+00,0.00000000000000e+00) (1.60510562562511e-02,-2.81601942469506e-18)
 (-2.03203203203203e+00,0.00000000000000e+00) (-1.72817575237764e-02,1.10140685171034e-20)
 (-2.01201201201201e+00,0.00000000000000e+00) (1.85914470327365e-02,0.00000000000000e+00)
 (-1.99199199199199e+00,0.00000000000000e+00) (1.99838817664234e-02,4.27372611941552e-18)
 (-1.97197197197197e+00,0.00000000000000e+00) (2.14628938437648e-02,1.42655999905594e-18)
 (-1.95195195195195e+00,0.00000000000000e+00) (2.30323838030744e-02,1.43968779680112e-18)
 (-1.93193193193193e+00,0.00000000000000e+00) (2.46963131754150e-02,1.39746339253801e-18)
 (-1.91191191191191e+00,0.00000000000000e+00) (2.64586963370329e-02,1.39960930294604e-18)
 (-1.89189189189189e+00,0.00000000000000e+00) (2.83235916334655e-02,2.80365824475726e-18)
 (-1.87187187187187e+00,0.00000000000000e+00) (3.02950917712770e-02,-4.45768257338794e-20)
 (-1.85185185185185e+00,0.00000000000000e+00) (3.23773134769283e-02,2.81300089195796e-18)
 (-1.83183183183183e+00,0.00000000000000e+00) (3.45743864260412e-02,2.84027952312058e-18)
 (-1.81181181181181e+00,0.00000000000000e+00) (3.68904414502732e-02,0.00000000000000e+00)
 (-1.79179179179179e+00,0.00000000000000e+00) (3.93295980331873e-02,-4.48954809429477e-20)
 (-1.77177177177177e+00,0.00000000000000e+00) (4.18959511108989e-02,0.00000000000000e+00)
 (-1.75175175175175e+00,0.00000000000000e+00) (4.45935571979277e-02,-2.92944892382946e-18)
 (-1.73173173173173e+00,0.00000000000000e+00) (4.74264198636189e-02,2.93544458462725e-18)
 (-1.71171171171171e+00,0.00000000000000e+00) (-5.03984745897583e-02,2.89638245297935e-18)
 (-1.69169169169169e+00,0.00000000000000e+00) (5.35135730456609e-02,9.07197081375874e-20)
 (-1.67167167167167e+00,0.00000000000000e+00) (5.67754668231267e-02,6.00027041167858e-18)
 (-1.65165165165165e+00,0.00000000000000e+00) (6.01877906803180e-02,5.92303239252730e-18)
 (-1.63163163163163e+00,0.00000000000000e+00) (6.37540453509350e-02,5.75446014973228e-18)
 (-1.61161161161161e+00,0.00000000000000e+00) (-6.74775799831551e-02,-1.77637666574731e-17)
 (-1.59159159159159e+00,0.00000000000000e+00) (7.13615742818115e-02,5.96687285697637e-18)
 (-1.57157157157157e+00,0.00000000000000e+00) (7.54090204373682e-02,-5.89039283918203e-18)
 (-1.55155155155155e+00,0.00000000000000e+00) (-7.96227049365645e-02,-1.19970824425514e-17)
 (-1.53153153153153e+00,0.00000000000000e+00) (-8.40051903623579e-02,0.00000000000000e+00)
 (-1.51151151151151e+00,0.00000000000000e+00) (8.85587973051632e-02,1.85679787989077e-19)
 (-1.49149149149149e+00,0.00000000000000e+00) (9.32855865235939e-02,-5.95683736446171e-18)
 (-1.47147147147147e+00,0.00000000000000e+00) (9.81873415111468e-02,5.97478025628539e-18)
 (-1.45145145145145e+00,0.00000000000000e+00) (1.03265551645755e-01,0.00000000000000e+00)
 (-1.43143143143143e+00,0.00000000000000e+00) (-1.08521396122041e-01,1.88006123090912e-19)
 (-1.41141141141141e+00,0.00000000000000e+00) (1.13955728891618e-01,-2.41279511303313e-17)
 (-1.39139139139139e+00,0.00000000000000e+00) (1.19569064865051e-01,-1.17258660973924e-17)
 (-1.37137137137137e+00,0.00000000000000e+00) (1.25361567660220e-01,-1.32858360816295e-17)
 (-1.35135135135135e+00,0.00000000000000e+00) (1.31333039215814e-01,-2.43779368077970e-17)
 (-1.33133133133133e+00,0.00000000000000e+00) (1.37482911625632e-01,-1.18503478181767e-17)
 (-1.31131131131131e+00,0.00000000000000e+00) (1.43810241589048e-01,-1.22784271500201e-17)
 (-1.29129129129129e+00,0.00000000000000e+00) (1.50313707915321e-01,-2.42643751616254e-17)
 (-1.27127127127127e+00,0.00000000000000e+00) (1.56991612564082e-01,-1.16184331471927e-18)
 (-1.25125125125125e+00,0.00000000000000e+00) (1.63841885750874e-01,1.20332387377415e-17)
 (-1.23123123123123e+00,0.00000000000000e+00) (1.70862095694621e-01,2.49452522320441e-17)
 (-1.21121121121121e+00,0.00000000000000e+00) (1.78049463632580e-01,-1.25244341473740e-17)
 (-1.19119119119119e+00,0.00000000000000e+00) (1.85400884777041e-01,-7.88060256800308e-19)
 (-1.17117117117117e+00,0.00000000000000e+00) (1.92912955935780e-01,-2.44723700937950e-17)
 (-1.15115115115115e+00,0.00000000000000e+00) (2.00582010564119e-01,0.00000000000000e+00)
 (-1.13113113113113e+00,0.00000000000000e+00) (2.08404162059254e-01,-2.70885119483167e-17)
 (-1.11111111111111e+00,0.00000000000000e+00) (2.16375356146184e-01,8.03231589834930e-19)
 (-1.09109109109109e+00,0.00000000000000e+00) (2.24491433238011e-01,-2.65339764554504e-17)
 (-1.07107107107107e+00,0.00000000000000e+00) (2.32748201680373e-01,2.50376067247589e-17)
 (-1.05105105105105e+00,0.00000000000000e+00) (2.41141522809557e-01,4.22245922284300e-17)
 (-1.03103103103103e+00,0.00000000000000e+00) (2.49667408765458e-01,-1.64047068966284e-18)
 (-1.01101101101101e+00,0.00000000000000e+00) (2.58322134003672e-01,-1.64958842465538e-18)
 (-9.90990990990991e-01,0.00000000000000e+00) (-2.67102361445478e-01,4.28671651955566e-17)
 (-9.70970970970971e-01,0.00000000000000e+00) (2.76005284190657e-01,1.32511519284124e-17)
 (-9.50950950950951e-01,0.00000000000000e+00) (2.85028783696954e-01,1.67853132226816e-18)
 (-9.30930930930931e-01,0.00000000000000e+00) (-2.94171605303031e-01,-2.84716982115256e-17)
 (-9.10910910910911e-01,0.00000000000000e+00) (-3.03433551941248e-01,-7.24164970746113e-17)
 (-8.90890890890891e-01,0.00000000000000e+00) (3.12815696855349e-01,3.42008166290976e-18)
 (-8.70870870870871e-01,0.00000000000000e+00) (3.22320616109698e-01,3.23887149921592e-17)
 (-8.50850850850851e-01,0.00000000000000e+00) (3.31952641654989e-01,1.36892344487018e-17)
 (-8.30830830830831e-01,0.00000000000000e+00) (3.41718135704732e-01,3.10235236444212e-17)
 (-8.10810810810811e-01,0.00000000000000e+00) (3.51625787181382e-01,-2.76939980808994e-17)
 (-7.90790790790791e-01,0.00000000000000e+00) (3.61686931014541e-01,3.53819334395039e-18)
 (-7.70770770770770e-01,0.00000000000000e+00) (3.71915891118627e-01,2.80220733501458e-17)
 (-7.50750750750750e-01,0.00000000000000e+00) (3.82330347944378e-01,5.99728116152286e-17)
 (-7.30730730730730e-01,0.00000000000000e+00) (3.92951731584752e-01,5.31085683320966e-17)
 (-7.10710710710710e-01,0.00000000000000e+00) (4.03805641513921e-01,6.80190938234213e-17)
 (-6.90690690690690e-01,0.00000000000000e+00) (4.14922294134131e-01,2.87189911056162e-17)
 (-6.70670670670670e-01,0.00000000000000e+00) (4.26336999376339e-01,0.00000000000000e+00)
 (-6.50650650650650e-01,0.00000000000000e+00) (4.38090667611242e-01,2.90898238826363e-17)
 (-6.30630630630630e-01,0.00000000000000e+00) (4.50230348025864e-01,-6.61048787194571e-17)
 (-6.10610610610610e-01,0.00000000000000e+00) (4.62809799333179e-01,0.00000000000000e+00)
 (-5.90590590590590e-01,0.00000000000000e+00) (4.75890093105111e-01,-2.25194569189244e-17)
 (-5.70570570570570e-01,0.00000000000000e+00) (4.89540249010292e-01,2.21277002695408e-17)
 (-5.50550550550550e-01,0.00000000000000e+00) (5.03837899603849e-01,-7.83059440181677e-18)
 (-5.30530530530530e-01,0.00000000000000e+00) (5.18869979796090e-01,4.61253983924792e-17)
 (-5.10510510510510e-01,0.00000000000000e+00) (5.34733432371143e-01,1.52619500057751e-17)
 (-4.90490490490490e-01,0.00000000000000e+00) (5.51535915471921e-01,0.00000000000000e+00)
 (-4.70470470470470e-01,0.00000000000000e+00) (5.69396490204196e-01,7.91396265211082e-17)
 (-4.50450450450450e-01,0.00000000000000e+00) (5.88446255645609e-01,2.38667386944816e-17)
 (-4.30430430430430e-01,0.00000000000000e+00) (6.08828883553487e-01,6.38868310889755e-17)
 (-4.10410410410410e-01,0.00000000000000e+00) (6.30700984657468e-01,1.69269678012509e-17)
 (-3.90390390390390e-01,0.00000000000000e+00) (6.54232211006007e-01,0.00000000000000e+00)
 (-3.70370370370370e-01,0.00000000000000e+00) (6.79604962510150e-01,1.73628574995508e-17)
 (-3.50350350350350e-01,0.00000000000000e+00) (7.07013518443962e-01,1.62041355507651e-17)
 (-3.30330330330330e-01,0.00000000000000e+00) (7.36662353994046e-01,1.78358110504850e-17)
 (-3.10310310310310e-01,0.00000000000000e+00) (7.68763326083961e-01,-6.90560003698319e-17)
 (-2.90290290290290e-01,0.00000000000000e+00) (8.03531320756527e-01,-1.65553210830844e-17)
 (-2.70270270270270e-01,0.00000000000000e+00) (8.41177847823726e-01,-5.38907444150923e-17)
 (-2.50250250250250e-01,0.00000000000000e+00) (8.81901953158877e-01,5.24141393824798e-17)
 (-2.30230230230230e-01,0.00000000000000e+00) (9.25877708424487e-01,0.00000000000000e+00)
 (-2.10210210210210e-01,0.00000000000000e+00) (9.73237457958337e-01,-3.38460940034041e-17)
 (-1.90190190190190e-01,0.00000000000000e+00) (1.02404999689617e+00,0.00000000000000e+00)
 (-1.70170170170170e-01,0.00000000000000e+00) (1.07829299190391e+00,-4.85802537310542e-17)
 (-1.50150150150150e-01,0.00000000000000e+00) (1.13581933383334e+00,4.91504756276988e-17)
 (-1.30130130130130e-01,0.00000000000000e+00) (1.19631785486550e+00,-4.96845834467396e-17)
 (-1.10110110110110e-01,0.00000000000000e+00) (1.25927008511599e+00,-5.01674523473296e-17)
 (-9.00900900900901e-02,0.00000000000000e+00) (1.32390656275367e+00,4.18929178581129e-18)
 (-7.00700700700700e-02,0.00000000000000e+00) (1.38916862323590e+00,-8.93895444304831e-17)
 (-5.00500500500500e-02,0.00000000000000e+00) (1.45368430483850e+00,-3.68525340022437e-17)
 (-3.00300300300300e-02,0.00000000000000e+00) (1.51576935969409e+00,8.74327578343695e-17)
 (-1.00100100100100e-02,0.00000000000000e+00) (1.57346523643547e+00,-4.38370544932812e-17)
 (1.00100100100100e-02,0.00000000000000e+00) (1.57346523643547e+00,-4.71292157629938e-19)
 (3.00300300300300e-02,0.00000000000000e+00) (1.51576935969409e+00,-1.27832745630350e-16)
 (5.00500500500500e-02,0.00000000000000e+00) (1.45368430483850e+00,-4.82128758699579e-17)
 (7.00700700700700e-02,0.00000000000000e+00) (1.38916862323590e+00,8.69238669157193e-17)
 (9.00900900900901e-02,0.00000000000000e+00) (1.32390656275367e+00,-3.20614728096936e-18)
 (1.10110110110110e-01,0.00000000000000e+00) (1.25927008511599e+00,6.12310764867234e-18)
 (1.30130130130130e-01,0.00000000000000e+00) (-1.19631785486550e+00,3.53603574618784e-17)
 (1.50150150150150e-01,0.00000000000000e+00) (1.13581933383334e+00,-8.12949125817476e-17)
 (1.70170170170170e-01,0.00000000000000e+00) (1.07829299190391e+00,4.27266497290350e-17)
 (1.90190190190190e-01,0.00000000000000e+00) (1.02404999689617e+00,-2.52259648842713e-18)
 (2.10210210210210e-01,0.00000000000000e+00) (9.73237457958337e-01,8.98447864540926e-17)
 (2.30230230230230e-01,0.00000000000000e+00) (9.25877708424487e-01,0.00000000000000e+00)
 (2.50250250250250e-01,0.00000000000000e+00) (8.81901953158877e-01,-4.64886146927603e-17)
 (2.70270270270270e-01,0.00000000000000e+00) (-8.41177847823726e-01,-4.14796898389691e-18)
 (2.90290290290290e-01,0.00000000000000e+00) (8.03531320756527e-01,3.95253174168992e-18)
 (3.10310310310310e-01,0.00000000000000e+00) (-7.68763326083961e-01,-1.48458000791908e-16)
 (3.30330330330330e-01,0.00000000000000e+00) (7.36662353994046e-01,0.00000000000000e+00)
 (3.50350350350350e-01,0.00000000000000e+00) (7.07013518443962e-01,-3.42774091401223e-18)
 (3.70370370370370e-01,0.00000000000000e+00) (6.79604962510150e-01,-3.14544002137063e-17)
 (3.90390390390390e-01,0.00000000000000e+00) (6.54232211006007e-01,-3.12314333697454e-18)
 (4.10410410410410e-01,0.00000000000000e+00) (6.30700984657468e-01,2.98265873517484e-18)
 (4.30430430430430e-01,0.00000000000000e+00) (6.08828883553487e-01,-6.97389941422657e-17)
 (4.50450450450450e-01,0.00000000000000e+00) (5.88446255645609e-01,-6.61055614611240e-17)
 (4.70470470470470e-01,0.00000000000000e+00) (5.69396490204196e-01,-9.54290628842187e-17)
 (4.90490490490490e-01,0.00000000000000e+00) (5.51535915471921e-01,0.00000000000000e+00)
 (5.10510510510510e-01,0.00000000000000e+00) (5.34733432371143e-01,-2.95936489364158e-17)
 (5.30530530530530e-01,0.00000000000000e+00) (-5.18869979796090e-01,3.16403603851714e-17)
 (5.50550550550550e-01,0.00000000000000e+00) (5.03837899603849e-01,-3.13223776072671e-17)
 (5.70570570570570e-01,0.00000000000000e+00) (4.89540249010292e-01,-4.15693075056473e-18)
 (5.90590590590590e-01,0.00000000000000e+00) (4.75890093105111e-01,3.07233186068705e-17)
 (6.10610610610610e-01,0.00000000000000e+00) (4.62809799333179e-01,0.00000000000000e+00)
 (6.30630630630630e-01,0.00000000000000e+00) (4.50230348025864e-01,0.00000000000000e+00)
 (6.50650650650650e-01,0.00000000000000e+00) (4.38090667611242e-01,-6.06813417104437e-17)
 (6.70670670670670e-01,0.00000000000000e+00) (4.26336999376339e-01,2.96539878823997e-17)
 (6.90690690690690e-01,0.00000000000000e+00) (4.14922294134131e-01,-3.09944146116040e-17)
 (7.10710710710710e-01,0.00000000000000e+00) (4.03805641513921e-01,-5.83485262260841e-17)
 (7.30730730730730e-01,0.00000000000000e+00) (3.92951731584752e-01,-3.03913528721551e-17)
 (7.50750750750750e-01,0.00000000000000e+00) (3.82330347944378e-01,-5.74517364131801e-17)
 (7.70770770770770e-01,0.00000000000000e+00) (-3.71915891118627e-01,2.98286086679621e-17)
 (7.90790790790791e-01,0.00000000000000e+00) (3.61686931014541e-01,0.00000000000000e+00)
 (8.10810810810811e-01,0.00000000000000e+00) (-3.51625787181382e-01,-5.68087150213035e-17)
 (8.30830830830831e-01,0.00000000000000e+00) (3.41718135704732e-01,-2.79105551553803e-17)
 (8.50850850850851e-01,0.00000000000000e+00) (3.31952641654989e-01,-2.77218257316946e-17)
 (8.70870870870871e-01,0.00000000000000e+00) (-3.22320616109698e-01,2.75386006922090e-17)
 (8.90890890890891e-01,0.00000000000000e+00) (-3.12815696855349e-01,-4.92978728441223e-19)
 (9.10910910910911e-01,0.00000000000000e+00) (3.03433551941248e-01,-5.53137745707600e-17)
 (9.30930930930931e-01,0.00000000000000e+00) (2.94171605303031e-01,-2.74659768881193e-17)
 (9.50950950950951e-01,0.00000000000000e+00) (-2.85028783696954e-01,2.68565011562905e-17)
 (9.70970970970971e-01,0.00000000000000e+00) (2.76005284190657e-01,-5.35970920798652e-17)
 (9.90990990990991e-01,0.00000000000000e+00) (2.67102361445478e-01,5.32783354267745e-17)
 (1.01101101101101e+00,0.00000000000000e+00) (-2.58322134003672e-01,-1.28332603603443e-17)
 (1.03103103103103e+00,0.00000000000000e+00) (2.49667408765458e-01,1.27789132421251e-17)
 (1.05105105105105e+00,0.00000000000000e+00) (2.41141522809557e-01,-3.93220568669959e-17)
 (1.07107107107107e+00,0.00000000000000e+00) (2.32748201680373e-01,-3.09991309785472e-19)
 (1.09109109109109e+00,0.00000000000000e+00) (2.24491433238011e-01,3.88974269677127e-17)
 (1.11111111111111e+00,0.00000000000000e+00) (2.16375356146184e-01,-1.27126692262493e-17)
 (1.13113113113113e+00,0.00000000000000e+00) (-2.08404162059254e-01,-5.12850894484246e-17)
 (1.15115115115115e+00,0.00000000000000e+00) (2.00582010564119e-01,-6.22270108012719e-20)
 (1.17117117117117e+00,0.00000000000000e+00) (-1.92912955935780e-01,-2.55105693802262e-17)
 (1.19119119119119e+00,0.00000000000000e+00) (-1.85400884777041e-01,0.00000000000000e+00)
 (1.21121121121121e+00,0.00000000000000e+00) (1.78049463632580e-01,1.25525539406486e-17)
 (1.23123123123123e+00,0.00000000000000e+00) (1.70862095694621e-01,-3.76419357172744e-17)
 (1.25125125125125e+00,0.00000000000000e+00) (1.63841885750874e-01,-1.24913259282775e-17)
 (1.27127127127127e+00,0.00000000000000e+00) (-1.56991612564082e-01,1.23929953570055e-17)
 (1.29129129129129e+00,0.00000000000000e+00) (1.50313707915321e-01,1.24259105171088e-17)
 (1.31131131131131e+00,0.00000000000000e+00) (-1.43810241589048e-01,-2.46472797660820e-17)
 (1.33133133133133e+00,0.00000000000000e+00) (1.37482911625632e-01,-1.22288276826731e-17)
 (1.35135135135135e+00,0.00000000000000e+00) (1.31333039215814e-01,2.44376325254018e-17)
 (1.37137137137137e+00,0.00000000000000e+00) (1.25361567660220e-01,-4.87649808636519e-20)
 (1.39139139139139e+00,0.00000000000000e+00) (1.19569064865051e-01,2.42438647015008e-17)
 (1.41141141141141e+00,0.00000000000000e+00) (-1.13955728891618e-01,-1.81377172093030e-17)
 (1.43143143143143e+00,0.00000000000000e+00) (1.08521396122041e-01,-6.02964816542229e-18)
 (1.45145145145145e+00,0.00000000000000e+00) (-1.03265551645755e-01,6.30730792731929e-21)
 (1.47147147147147e+00,0.00000000000000e+00) (9.81873415111468e-02,-1.19496362428313e-17)
 (1.49149149149149e+00,0.00000000000000e+00) (9.32855865235939e-02,5.96500728276627e-18)
 (1.51151151151151e+00,0.00000000000000e+00) (8.85587973051632e-02,1.55457301412379e-20)
 (1.53153153153153e+00,0.00000000000000e+00) (8.40051903623579e-02,0.00000000000000e+00)
 (1.55155155155155e+00,0.00000000000000e+00) (7.96227049365645e-02,-1.18205482951793e-17)
 (1.57157157157157e+00,0.00000000000000e+00) (-7.54090204373682e-02,-5.89406730905110e-18)
 (1.59159159159159e+00,0.00000000000000e+00) (7.13615742818115e-02,-5.87641531353211e-18)
 (1.61161161161161e+00,0.00000000000000e+00) (6.74775799831551e-02,-1.75878513920266e-17)
 (1.63163163163163e+00,0.00000000000000e+00) (6.37540453509350e-02,-5.85029210286785e-18)
 (1.65165165165165e+00,0.00000000000000e+00) (6.01877906803180e-02,-5.83279655438903e-18)
 (1.67167167167167e+00,0.00000000000000e+00) (5.67754668231267e-02,-5.81920401639717e-18)
 (1.69169169169169e+00,0.00000000000000e+00) (5.35135730456609e-02,5.80814443065028e-18)
 (1.71171171171171e+00,0.00000000000000e+00) (5.03984745897583e-02,1.29157624595853e-21)
 (1.73173173173173e+00,0.00000000000000e+00) (4.74264198636189e-02,-5.78107045221870e-18)
 (1.75175175175175e+00,0.00000000000000e+00) (-4.45935571979277e-02,-5.76975294241983e-18)
 (1.77177177177177e+00,0.00000000000000e+00) (-4.18959511108989e-02,0.00000000000000e+00)
 (1.79179179179179e+00,0.00000000000000e+00) (-3.93295980331873e-02,-2.87307080888331e-18)
 (1.81181181181181e+00,0.00000000000000e+00) (3.68904414502732e-02,0.00000000000000e+00)
 (1.83183183183183e+00,0.00000000000000e+00) (3.45743864260412e-02,-2.86317844328330e-18)
 (1.85185185185185e+00,0.00000000000000e+00) (3.23773134769283e-02,2.85737618617705e-18)
 (1.87187187187187e+00,0.00000000000000e+00) (3.02950917712770e-02,2.85274042799722e-18)
 (1.89189189189189e+00,0.00000000000000e+00) (-2.83235916334655e-02,5.69680307655851e-18)
 (1.91191191191191e+00,0.00000000000000e+00) (2.64586963370329e-02,1.42163256860613e-18)
 (1.93193193193193e+00,0.00000000000000e+00) (2.46963131754150e-02,-1.39053385113531e-22)
 (1.95195195195195e+00,0.00000000000000e+00) (-2.30323838030744e-02,0.00000000000000e+00)
 (1.97197197197197e+00,0.00000000000000e+00) (2.14628938437648e-02,-1.41552146387501e-18)
 (1.99199199199199e+00,0.00000000000000e+00) (1.99838817664234e-02,-2.82707118349178e-18)
 (2.01201201201201e+00,0.00000000000000e+00) (1.85914470327366e-02,1.41166812093231e-18)
 (2.03203203203203e+00,0.00000000000000e+00) (1.72817575237765e-02,-2.81962459352308e-18)
 (2.05205205205205e+00,0.00000000000000e+00) (1.60510562562512e-02,2.81604032331208e-18)
 (2.07207207207207e+00,0.00000000000000e+00) (1.48956674018473e-02,9.73132701710118e-24)
 (2.09209209209209e+00,0.00000000000000e+00) (1.38120016258606e-02,8.93177774361783e-24)
 (2.11211211211211e+00,0.00000000000000e+00) (1.27965607638051e-02,1.63839590344907e-23)
 (2.13213213213213e+00,0.00000000000000e+00) (-1.18459418569510e-02,0.00000000000000e+00)
 (2.15215215215215e+00,0.00000000000000e+00) (1.09568405697740e-02,6.99992321929327e-19)
 (2.17217217217217e+00,0.00000000000000e+00) (1.01260540140807e-02,-6.99262367266126e-19)
 (2.19219219219219e+00,0.00000000000000e+00) (9.35048300612544e-03,-2.79423149168383e-18)
 (2.21221221221221e+00,0.00000000000000e+00) (-8.62713378433668e-03,-1.39576208823858e-18)
 (2.23223223223223e+00,0.00000000000000e+00) (7.95311921633629e-03,6.97229406937980e-19)
 (2.25225225225225e+00,0.00000000000000e+00) (7.32565952476539e-03,-6.96587748564039e-19)
 (2.27227227227227e+00,0.00000000000000e+00) (-6.74208256202884e-03,6.95975301997366e-19)
 (2.29229229229229e+00,0.00000000000000e+00) (6.19982366444879e-03,1.39076229695238e-18)
 (2.31231231231231e+00,0.00000000000000e+00) (5.69642511648168e-03,-3.47404623701916e-19)
 (2.33233233233233e+00,0.00000000000000e+00) (5.22953525561651e-03,6.94253336244219e-19)
 (2.35235235235235e+00,0.00000000000000e+00) (4.79690724834519e-03,-3.46859332590379e-19)
 (2.37237237237237e+00,0.00000000000000e+00) (4.39639756719364e-03,3.46598647756331e-19)
 (2.39239239239239e+00,0.00000000000000e+00) (4.02596419823686e-03,-6.92696565986254e-19)
 (2.41241241241241e+00,0.00000000000000e+00) (-3.68366460781034e-03,3.46105563269089e-19)
 (2.43243243243243e+00,0.00000000000000e+00) (3.36765349628630e-03,0.00000000000000e+00)
 (2.45245245245245e+00,0.00000000000000e+00) (-3.07618036582358e-03,6.91288028203683e-19)
 (2.47247247247247e+00,0.00000000000000e+00) (2.80758692794015e-03,3.45424561165681e-19)
 (2.49249249249249e+00,0.00000000000000e+00) (-2.56030437561089e-03,-3.45212234479207e-19)
 (2.51251251251251e+00,0.00000000000000e+00) (2.33285054337771e-03,-3.88772962743362e-26)
 (2.53253253253253e+00,0.00000000000000e+00) (-2.12382697768720e-03,-8.62020411713237e-19)
 (2.55255255255255e+00,0.00000000000000e+00) (1.93191593835740e-03,-5.16923907093686e-19)
 (2.57257257257257e+00,0.00000000000000e+00) (-1.75587735073292e-03,-1.72215042799017e-19)
 (2.59259259259259e+00,0.00000000000000e+00) (-1.59454572672949e-03,-8.60625447567650e-20)
 (2.61261261261261e+00,0.00000000000000e+00) (1.44682707160587e-03,8.60190014159384e-20)
 (2.63263263263263e+00,0.00000000000000e+00) (1.31169579194430e-03,1.71953822232805e-19)
 (2.65265265265265e+00,0.00000000000000e+00) (1.18819161897929e-03,-1.71872356366049e-19)
 (2.67267267267267e+00,0.00000000000000e+00) (-1.07541656009814e-03,-8.58967721129345e-20)
 (2.69269269269269e+00,0.00000000000000e+00) (9.72531890052009e-04,-8.58586319806388e-20)
 (2.71271271271271e+00,0.00000000000000e+00) (8.78755192171113e-04,-8.58217269657541e-20)
 (2.73273273273273e+00,0.00000000000000e+00) (7.93357458677161e-04,4.28930110464151e-20)
 (2.75275275275275e+00,0.00000000000000e+00) (7.15660258035536e-04,-8.57514670402815e-20)
 (2.77277277277277e+00,0.00000000000000e+00) (6.45032976193054e-04,-1.21288983583649e-27)
 (2.79279279279279e+00,0.00000000000000e+00) (5.80890137507485e-04,-5.42092149980428e-28)
 (2.81281281281281e+00,0.00000000000000e+00) (5.22688810194966e-04,4.28271752766184e-20)
 (2.83283283283283e+00,0.00000000000000e+00) (4.69926100202517e-04,-4.28120219313758e-20)
 (2.85285285285285e+00,0.00000000000000e+00) (4.22136736556206e-04,0.00000000000000e+00)
 (2.87287287287287e+00,0.00000000000000e+00) (3.78890750441316e-04,-4.27831626145027e-20)
 (2.89289289289289e+00,0.00000000000000e+00) (3.39791249539269e-04,2.13847124468123e-20)
 (2.91291291291291e+00,0.00000000000000e+00) (3.04472288475851e-04,4.27561291756010e-20)
 (2.93293293293293e+00,0.00000000000000e+00) (2.72596835625850e-04,-6.04661626260900e-29)
 (2.95295295295295e+00,0.00000000000000e+00) (2.43854835968660e-04,-2.68567791584957e-29)
 (2.97297297297297e+00,0.00000000000000e+00) (2.17961369195959e-04,2.13593740375806e-20)
 (2.99299299299299e+00,0.00000000000000e+00) (-1.94654901834098e-04,-4.27070782830952e-20)
 (3.01301301301301e+00,0.00000000000000e+00) (1.73695631757874e-04,1.06739456231120e-20)
 (3.03303303303303e+00,0.00000000000000e+00) (1.54863923136370e-04,-1.06712121381365e-20)
 (3.05305305305305e+00,0.00000000000000e+00) (1.37958829562751e-04,-1.06685661256133e-20)
 (3.07307307307307e+00,0.00000000000000e+00) (-1.22796702875519e-04,-1.06660047964168e-20)
 (3.09309309309309e+00,0.00000000000000e+00) (1.09209884975795e-04,2.86720273068558e-30)
 (3.11311311311311e+00,0.00000000000000e+00) (9.70454797808254e-05,2.53106031351771e-30)
 (3.13313313313313e+00,0.00000000000000e+00) (8.61642023251510e-05,-1.11628391137352e-30)
 (3.15315315315315e+00,0.00000000000000e+00) (7.64393019248252e-05,0.00000000000000e+00)
 (3.17317317317317e+00,0.00000000000000e+00) (6.77555562538411e-05,0.00000000000000e+00)
 (3.19319319319319e+00,0.00000000000000e+00) (-6.00083331427949e-05,-1.06522671152018e-20)
 (3.21321321321321e+00,0.00000000000000e+00) (5.31027168950115e-05,1.06502264112881e-20)
 (3.23323323323323e+00,0.00000000000000e+00) (4.69526959223307e-05,2.66206269627769e-21)
 (3.25325325325325e+00,0.00000000000000e+00) (4.14804085290076e-05,5.32316906825483e-21)
 (3.27327327327327e+00,0.00000000000000e+00) (3.66154437153523e-05,2.66112160951356e-21)
 (3.29329329329329e+00,0.00000000000000e+00) (3.22941939306100e-05,-2.66067343208612e-21)
 (3.31331331331331e+00,0.00000000000000e+00) (2.84592567750566e-05,-4.35298160018983e-32)
 (3.33333333333333e+00,0.00000000000000e+00) (2.50588827324223e-05,-2.65981943534047e-21)
 (3.35335335335335e+00,0.00000000000000e+00) (2.20464661037295e-05,2.65941271331734e-21)
 (3.37337337337337e+00,0.00000000000000e+00) (-1.93800764107899e-05,-3.98852839722973e-21)
 (3.39339339339339e+00,0.00000000000000e+00) (1.70220276403966e-05,-2.65863767455465e-21)
 (3.41341341341341e+00,0.00000000000000e+00) (1.49384828072936e-05,0.00000000000000e+00)
 (3.43343343343343e+00,0.00000000000000e+00) (1.30990914240331e-05,0.00000000000000e+00)
 (3.45345345345345e+00,0.00000000000000e+00) (-1.14766575777055e-05,-1.99317382531490e-21)
 (3.47347347347347e+00,0.00000000000000e+00) (1.00468364262363e-05,-1.32861502703235e-21)
 (3.49349349349349e+00,0.00000000000000e+00) (8.78785703959149e-06,6.64226412600891e-22)
 (3.51351351351351e+00,0.00000000000000e+00) (7.68026962302421e-06,-1.38337755645286e-33)
 (3.53353353353353e+00,0.00000000000000e+00) (6.70671526975498e-06,-6.64071854992309e-22)
 (3.55355355355355e+00,0.00000000000000e+00) (5.85171649861081e-06,-7.81476333069582e-34)
 (3.57357357357357e+00,0.00000000000000e+00) (5.10148693765971e-06,-3.31963476914658e-22)
 (3.59359359359359e+00,0.00000000000000e+00) (4.44375861735227e-06,0.00000000000000e+00)
 (3.61361361361361e+00,0.00000000000000e+00) (3.86762543578023e-06,3.31895550990108e-22)
 (3.63363363363363e+00,0.00000000000000e+00) (3.36340145411506e-06,3.31863195226887e-22)
 (3.65365365365365e+00,0.00000000000000e+00) (2.92249277189063e-06,-1.65915932736885e-22)
 (3.67367367367367e+00,0.00000000000000e+00) (2.53728181939304e-06,0.00000000000000e+00)
 (3.69369369369369e+00,0.00000000000000e+00) (2.20102298791877e-06,1.17768185119473e-35)
 (3.71371371371371e+00,0.00000000000000e+00) (1.90774859800550e-06,1.65871855161991e-22)
 (3.73373373373373e+00,0.00000000000000e+00) (1.65218428091291e-06,0.00000000000000e+00)
 (3.75375375375375e+00,0.00000000000000e+00) (1.42967291965525e-06,8.29223744727117e-23)
 (3.77377377377377e+00,0.00000000000000e+00) (1.23610636281132e-06,-1.65831836413284e-22)
 (3.79379379379379e+00,0.00000000000000e+00) (-1.06786418723780e-06,-2.48728999286980e-22)
 (3.81381381381381e+00,0.00000000000000e+00) (9.21758844784575e-07,8.29036126337173e-23)
 (3.83383383383383e+00,0.00000000000000e+00) (7.94986583270322e-07,8.28977505235820e-23)
 (3.85385385385385e+00,0.00000000000000e+00) (6.85083583452232e-07,4.14460370016817e-23)
 (3.87387387387387e+00,0.00000000000000e+00) (5.89886801655500e-07,8.28865771732613e-23)
 (3.89389389389389e+00,0.00000000000000e+00) (5.07499052264316e-07,-8.28812543225206e-23)
 (3.91391391391391e+00,0.00000000000000e+00) (4.36257905571912e-07,0.00000000000000e+00)
 (3.93393393393393e+00,0.00000000000000e+00) (-3.74708014700952e-07,6.21533314685202e-23)
 (3.95395395395395e+00,0.00000000000000e+00) (3.21576520598148e-07,-2.07165688117592e-23)
 (3.97397397397397e+00,0.00000000000000e+00) (2.75751216639444e-07,-2.07153986940751e-23)
 (3.99399399399399e+00,0.00000000000000e+00) (2.36261184314323e-07,-2.07142655896866e-23)
 (4.01401401401401e+00,0.00000000000000e+00) (2.02259638947574e-07,2.07131683239325e-23)
 (4.03403403403403e+00,0.00000000000000e+00) (1.73008749618459e-07,1.03560528798351e-23)
 (4.05405405405405e+00,0.00000000000000e+00) (1.47866220500892e-07,-1.03555383980315e-23)
 (4.07407407407407e+00,0.00000000000000e+00) (1.26273441919234e-07,-2.39055629367084e-39)
 (4.09409409409409e+00,0.00000000000000e+00) (1.07745038632601e-07,-1.03545577209964e-23)
 (4.11411411411411e+00,0.00000000000000e+00) (9.18596603601855e-08,-5.17704525525457e-24)
 (4.13413413413413e+00,0.00000000000000e+00) (7.82518754690074e-08,0.00000000000000e+00)
 (4.15415415415415e+00,0.00000000000000e+00) (6.66050431852889e-08,-3.09115309322243e-40)
 (4.17417417417417e+00,0.00000000000000e+00) (5.66450527765714e-08,5.17638781704041e-24)
 (4.19419419419419e+00,0.00000000000000e+00) (4.81348299923285e-08,7.76427356194295e-24)
 (4.21421421421421e+00,0.00000000000000e+00) (4.08695217485335e-08,0.00000000000000e+00)
 (4.23423423423423e+00,0.00000000000000e+00) (3.46722796922447e-08,2.58789538009234e-24)
 (4.25425425425425e+00,0.00000000000000e+00) (2.93905719754420e-08,-2.58780209172445e-24)
 (4.27427427427427e+00,0.00000000000000e+00) (2.48929603866944e-08,-1.40327574874985e-41)
 (4.29429429429429e+00,0.00000000000000e+00) (2.10662870124838e-08,3.88143639525339e-24)
 (4.31431431431431e+00,0.00000000000000e+00) (1.78132208992618e-08,1.29376976999752e-24)
 (4.33433433433433e+00,0.00000000000000e+00) (1.50501208292947e-08,-1.29372874631861e-24)
 (4.35435435435435e+00,0.00000000000000e+00) (1.27051753696314e-08,1.29368901836804e-24)
 (4.37437437437437e+00,0.00000000000000e+00) (1.07167858608149e-08,2.95116268490306e-42)
 (4.39439439439439e+00,0.00000000000000e+00) (9.03216203237407e-09,-6.46806643474598e-25)
 (4.41441441441441e+00,0.00000000000000e+00) (7.60610351344746e-09,6.46788602671611e-25)
 (4.43443443443443e+00,0.00000000000000e+00) (-6.39994369282470e-09,-6.46771131554124e-25)
 (4.45445445445445e+00,0.00000000000000e+00) (5.38063521316979e-09,-6.46754212103520e-25)
 (4.47447447447447e+00,0.00000000000000e+00) (4.51995889558929e-09,3.23368913436457e-25)
 (4.49449449449449e+00,0.00000000000000e+00) (3.79384011611966e-09,3.23360979484448e-25)
 (4.51451451451451e+00,0.00000000000000e+00) (3.18175862517285e-09,6.46706592033875e-25)
 (4.53453453453453e+00,0.00000000000000e+00) (2.66623954172190e-09,-4.42608474467450e-44)
 (4.55455455455455e+00,0.00000000000000e+00) (2.23241479065127e-09,0.00000000000000e+00)
 (4.57457457457457e+00,0.00000000000000e+00) (1.86764560647713e-09,-1.61665835287230e-25)
 (4.59459459459459e+00,0.00000000000000e+00) (1.56119791960198e-09,-1.61662456160846e-25)
 (4.61461461461461e+00,0.00000000000000e+00) (1.30396349044225e-09,2.65866552726092e-45)
 (4.63463463463463e+00,0.00000000000000e+00) (1.08822057835936e-09,1.61656014516479e-25)
 (4.65465465465465e+00,0.00000000000000e+00) (9.07428740866313e-10,-8.08264726818871e-26)
 (4.67467467467467e+00,0.00000000000000e+00) (7.56053067086164e-10,-1.61649973075477e-25)
 (4.69469469469469e+00,0.00000000000000e+00) (-6.29413769540046e-10,-4.04117736477728e-26)
 (4.71471471471471e+00,0.00000000000000e+00) (5.23557600425057e-10,0.00000000000000e+00)
 (4.73473473473473e+00,0.00000000000000e+00) (-4.35148031863097e-10,-8.08208036367692e-26)
 (4.75475475475475e+00,0.00000000000000e+00) (3.61371552396918e-10,-4.46885056474156e-47)
 (4.77477477477477e+00,0.00000000000000e+00) (2.99857791598776e-10,-2.02045576013190e-26)
 (4.79479479479479e+00,0.00000000000000e+00) (2.48611497534463e-10,2.02042510905384e-26)
 (4.81481481481481e+00,0.00000000000000e+00) (2.05954663744756e-10,-2.02039542512032e-26)
 (4.83483483483483e+00,0.00000000000000e+00) (-1.70477338458069e-10,-1.01018333889381e-26)
 (4.85485485485485e+00,0.00000000000000e+00) (1.40995853429413e-10,3.03050825621740e-26)
 (4.87487487487487e+00,0.00000000000000e+00) (-1.16517387079062e-10,1.01015593777523e-26)
 (4.89489489489489e+00,0.00000000000000e+00) (9.62099299749491e-11,-7.22256266596619e-49)
 (4.91491491491491e+00,0.00000000000000e+00) (7.93768532406605e-11,-5.05065119193259e-27)
 (4.93493493493493e+00,0.00000000000000e+00) (6.54353948776219e-11,-1.01011799352767e-26)
 (4.95495495495495e+00,0.00000000000000e+00) (5.38984776360550e-11,-5.05053067482061e-27)
 (4.97497497497497e+00,0.00000000000000e+00) (4.43593570313943e-11,2.52523662625140e-27)
 (4.99499499499499e+00,0.00000000000000e+00) (3.64786711985808e-11,-5.05041764163605e-27)
 (5.01501501501502e+00,0.00000000000000e+00) (2.99735270942081e-11,-2.52518189251906e-27)
 (5.03503503503504e+00,0.00000000000000e+00) (-2.46083114820945e-11,2.24479029541230e-50)
 (5.05505505505506e+00,0.00000000000000e+00) (2.01869613797219e-11,1.26256527872491e-27)
 (5.07507507507508e+00,0.00000000000000e+00) (1.65464682529576e-11,2.52510609790222e-27)
 (5.09509509509510e+00,0.00000000000000e+00) (1.35514241390137e-11,-1.26254120493993e-27)
 (5.11511511511512e+00,0.00000000000000e+00) (1.10894468467686e-11,-6.31264867258199e-28)
 (5.13513513513514e+00,0.00000000000000e+00) (9.06734611802668e-12,5.06859983137104e-52)
 (5.15515515515516e+00,0.00000000000000e+00) (7.40791372948442e-12,-4.12487514672467e-52)
 (5.17517517517518e+00,0.00000000000000e+00) (6.04723848913538e-12,-6.31248724359728e-28)
 (5.19519519519520e+00,0.00000000000000e+00) (4.93246237842446e-12,3.15621839602496e-28)
 (5.21521521521522e+00,0.00000000000000e+00) (4.01990709742223e-12,-5.53135850222483e-53)
 (5.23523523523524e+00,0.00000000000000e+00) (-3.27351131628276e-12,-6.31234061242159e-28)
 (5.25525525525526e+00,0.00000000000000e+00) (-2.66352830778826e-12,-4.73422108912948e-28)
 (5.27527527527528e+00,0.00000000000000e+00) (2.16544157838663e-12,3.15612520194625e-28)
 (5.29529529529530e+00,0.00000000000000e+00) (1.75906283965300e-12,1.57805185549487e-28)
 (5.31531531531532e+00,0.00000000000000e+00) (1.42778234944261e-12,7.89020724450643e-29)
 (5.33533533533534e+00,0.00000000000000e+00) (1.15794645714232e-12,0.00000000000000e+00)
 (5.35535535535536e+00,0.00000000000000e+00) (9.38341243020863e-13,1.57802160993853e-28)
 (5.37537537537538e+00,0.00000000000000e+00) (7.59764561120653e-13,-3.16948634055759e-55)
 (5.39539539539540e+00,0.00000000000000e+00) (6.14671675250495e-13,1.27733989350717e-55)
 (5.41541541541542e+00,0.00000000000000e+00) (4.96882101010459e-13,0.00000000000000e+00)
 (5.43543543543544e+00,0.00000000000000e+00) (4.01337303758585e-13,-3.94496387554939e-29)
 (5.45545545545546e+00,0.00000000000000e+00) (3.23900612879458e-13,-1.97247154328094e-29)
 (5.47547547547548e+00,0.00000000000000e+00) (2.61192147521141e-13,1.97246147657222e-29)
 (5.49549549549550e+00,0.00000000000000e+00) (2.10452751331711e-13,-1.97245172730880e-29)
 (5.51551551551552e+00,0.00000000000000e+00) (1.69431940288184e-13,1.97244228547732e-29)
 (5.53553553553554e+00,0.00000000000000e+00) (1.36295709506168e-13,9.86216570690234e-30)
 (5.55555555555556e+00,0.00000000000000e+00) (1.09550748211935e-13,-9.86212142813482e-30)
 (5.57557557557558e+00,0.00000000000000e+00) (8.79821990485359e-14,-4.93103927280484e-30)
 (5.59559559559560e+00,0.00000000000000e+00) (-7.06025873175380e-14,-4.93101850764382e-30)
 (5.61561561561562e+00,0.00000000000000e+00) (5.66099534355713e-14,-9.86199679451917e-30)
 (5.63563563563564e+00,0.00000000000000e+00) (4.53535611278542e-14,-4.93097892100033e-30)
 (5.65565565565566e+00,0.00000000000000e+00) (3.63058358966333e-14,-2.81136972091885e-59)
 (5.67567567567568e+00,0.00000000000000e+00) (2.90394225125414e-14,-2.46547089574363e-30)
 (5.69569569569570e+00,0.00000000000000e+00) (2.32084445927071e-14,2.46546205005327e-30)
 (5.71571571571572e+00,0.00000000000000e+00) (-1.85332103874471e-14,3.69818022491827e-30)
 (5.73573573573574e+00,0.00000000000000e+00) (1.47877422583564e-14,1.23272259331197e-30)
 (5.75575575575576e+00,0.00000000000000e+00) (-1.17896176491738e-14,1.23271857578484e-30)
 (5.77577577577578e+00,0.00000000000000e+00) (9.39170051881439e-15,-4.45072614400081e-61)
 (5.79579579579580e+00,0.00000000000000e+00) (7.47541747416215e-15,-1.76517683043620e-61)
 (5.81581581581582e+00,0.00000000000000e+00) (5.94529492088567e-15,0.00000000000000e+00)
 (5.83583583583584e+00,0.00000000000000e+00) (4.72452470435498e-15,6.16351866552953e-31)
 (5.85585585585586e+00,0.00000000000000e+00) (3.75136782195657e-15,3.08175077561616e-31)
 (5.87587587587588e+00,0.00000000000000e+00) (2.97624041828310e-15,3.08174248827219e-31)
 (5.89589589589590e+00,0.00000000000000e+00) (2.35935472658287e-15,-1.54086723111229e-31)
 (5.91591591591592e+00,0.00000000000000e+00) (1.86881097314362e-15,1.54086334461674e-31)
 (5.93593593593594e+00,0.00000000000000e+00) (-1.47905541113365e-15,-1.54085958065948e-31)
 (5.95595595595596e+00,0.00000000000000e+00) (1.16963533829918e-15,-7.70427967688195e-32)
 (5.97597597597598e+00,0.00000000000000e+00) (9.24194792327455e-16,-7.70426202512627e-32)
 (5.99599599599600e+00,0.00000000000000e+00) (7.29665115742960e-16,-2.60218769752920e-64)
 (6.01601601601602e+00,0.00000000000000e+00) (5.75608104282028e-16,-3.85211418684102e-32)
 (6.03603603603604e+00,0.00000000000000e+00) (4.53713032971993e-16,7.70421233944829e-32)
 (6.05605605605606e+00,0.00000000000000e+00) (3.57340901442530e-16,0.00000000000000e+00)
 (6.07607607607608e+00,0.00000000000000e+00) (2.81210383502005e-16,-1.92604544291044e-32)
 (6.09609609609610e+00,0.00000000000000e+00) (2.21119557739984e-16,1.92604180167263e-32)
 (6.11611611611612e+00,0.00000000000000e+00) (1.73728140775724e-16,1.92603827523593e-32)
 (6.13613613613614e+00,0.00000000000000e+00) (1.36383058919482e-16,9.63017429990241e-33)
 (6.15615615615616e+00,0.00000000000000e+00) (1.06978856593989e-16,-9.63015776200299e-33)
 (6.17617617617618e+00,0.00000000000000e+00) (8.38460824092042e-17,9.63014174550573e-33)
 (6.19619619619620e+00,0.00000000000000e+00) (6.56621240793986e-17,9.63012623397038e-33)
 (6.21621621621622e+00,0.00000000000000e+00) (5.13800397602230e-17,0.00000000000000e+00)
 (6.23623623623624e+00,0.00000000000000e+00) (4.01718035065300e-17,-2.40752416565008e-33)
 (6.25625625625626e+00,0.00000000000000e+00) (3.13830852737725e-17,-2.40752064310314e-33)
 (6.27627627627628e+00,0.00000000000000e+00) (2.44972528796054e-17,4.81503446322469e-33)
 (6.29629629629630e+00,0.00000000000000e+00) (1.91067403942362e-17,0.00000000000000e+00)
 (6.31631631631632e+00,0.00000000000000e+00) (1.48902955110165e-17,-3.61126609185488e-33)
 (6.33633633633634e+00,0.00000000000000e+00) (1.15949146040370e-17,0.00000000000000e+00)
 (6.35635635635636e+00,0.00000000000000e+00) (9.02151223994948e-18,-1.20375231390718e-33)
 (6.37637637637638e+00,0.00000000000000e+00) (7.01356309444651e-18,-6.01875430309322e-34)
 (6.39639639639640e+00,0.00000000000000e+00) (5.44810761746252e-18,6.01874726573781e-34)
 (6.41641641641642e+00,0.00000000000000e+00) (4.22863575024131e-18,-3.00937022512339e-34)
 (6.43643643643644e+00,0.00000000000000e+00) (3.27946146879934e-18,-3.00936692481251e-34)
 (6.45645645645646e+00,0.00000000000000e+00) (2.54127971560683e-18,1.50468186427449e-34)
 (6.47647647647648e+00,0.00000000000000e+00) (1.96766026084560e-18,3.00936063305234e-34)
 (6.49649649649650e+00,0.00000000000000e+00) (1.52228333141007e-18,-3.00935763514557e-34)
 (6.51651651651652e+00,0.00000000000000e+00) (1.17676197677426e-18,-1.50467736587591e-34)
 (6.53653653653654e+00,0.00000000000000e+00) (9.08928131067829e-19,0.00000000000000e+00)
 (6.55655655655656e+00,0.00000000000000e+00) (7.01484808039523e-19,1.12850594875428e-34)
 (6.57657657657658e+00,0.00000000000000e+00) (5.40947137294391e-19,0.00000000000000e+00)
 (6.59659659659660e+00,0.00000000000000e+00) (4.16811065055877e-19,-3.76168000637795e-35)
 (6.61661661661662e+00,0.00000000000000e+00) (3.20901341332091e-19,-1.88083845713231e-35)
 (6.63663663663664e+00,0.00000000000000e+00) (2.46860570859956e-19,1.88083695981664e-35)
 (6.65665665665666e+00,0.00000000000000e+00) (1.89749156019564e-19,-1.88083550970528e-35)
 (6.67667667667668e+00,0.00000000000000e+00) (1.45732336387029e-19,-9.40417052654998e-36)
 (6.69669669669670e+00,0.00000000000000e+00) (1.11835575319774e-19,-9.40416372594746e-36)
 (6.71671671671672e+00,0.00000000000000e+00) (8.57535330143744e-20,9.40415713973950e-36)
 (6.73673673673674e+00,0.00000000000000e+00) (6.57010162531747e-20,0.00000000000000e+00)
 (6.75675675675676e+00,0.00000000000000e+00) (5.02967814466649e-20,0.00000000000000e+00)
 (6.77677677677678e+00,0.00000000000000e+00) (3.84730278899781e-20,2.35103465023734e-36)
 (6.79679679679680e+00,0.00000000000000e+00) (2.94049622855777e-20,2.35103320170624e-36)
 (6.81681681681682e+00,0.00000000000000e+00) (2.24560307886756e-20,-2.35103179884097e-36)
 (6.83683683683684e+00,0.00000000000000e+00) (1.71353703056900e-20,3.52654566030276e-36)
 (6.85685685685686e+00,0.00000000000000e+00) (1.30647813500885e-20,1.17551456219727e-36)
 (6.87687687687688e+00,0.00000000000000e+00) (9.95311383962580e-21,-5.87756962517186e-37)
 (6.89689689689690e+00,0.00000000000000e+00) (7.57641913244515e-21,0.00000000000000e+00)
 (6.91691691691692e+00,0.00000000000000e+00) (5.76258347041046e-21,0.00000000000000e+00)
 (6.93693693693694e+00,0.00000000000000e+00) (4.37944123735126e-21,0.00000000000000e+00)
 (6.95695695695696e+00,0.00000000000000e+00) (3.32558793318939e-21,2.93877892754478e-37)
 (6.97697697697698e+00,0.00000000000000e+00) (2.52328581632652e-21,-2.93877757038294e-37)
 (6.99699699699700e+00,0.00000000000000e+00) (1.91299024870170e-21,-1.46938812800303e-37)
 (7.01701701701702e+00,0.00000000000000e+00) (1.44913012640066e-21,0.00000000000000e+00)
 (7.03703703703704e+00,0.00000000000000e+00) (1.09685786438699e-21,1.46938687512717e-37)
 (7.05705705705706e+00,0.00000000000000e+00) (8.29548306086865e-22,0.00000000000000e+00)
 (7.07707707707708e+00,0.00000000000000e+00) (6.26875630443533e-22,-3.67346425000142e-38)
 (7.09709709709710e+00,0.00000000000000e+00) (4.73335951498867e-22,7.34692570036761e-38)
 (7.11711711711712e+00,0.00000000000000e+00) (3.57113291413526e-22,3.67346149449567e-38)
 (7.13713713713714e+00,0.00000000000000e+00) (2.69209867496047e-22,3.67346018154580e-38)
 (7.15715715715716e+00,0.00000000000000e+00) (2.02779659867546e-22,-3.67345890998683e-38)
 (7.17717717717718e+00,0.00000000000000e+00) (1.52618183930124e-22,0.00000000000000e+00)
 (7.19719719719720e+00,0.00000000000000e+00) (1.14772189432011e-22,1.83672824293162e-38)
 (7.21721721721722e+00,0.00000000000000e+00) (8.62413535492294e-23,-9.18363832702740e-39)
 (7.23723723723724e+00,0.00000000000000e+00) (6.47504800841478e-23,0.00000000000000e+00)
 (7.25725725725726e+00,0.00000000000000e+00) (4.85756891642530e-23,-4.59181641099709e-39)
 (7.27727727727728e+00,0.00000000000000e+00) (3.64119146811656e-23,0.00000000000000e+00)
 (7.29729729729730e+00,0.00000000000000e+00) (2.72719786117703e-23,0.00000000000000e+00)
 (7.31731731731732e+00,0.00000000000000e+00) (2.04097827659164e-23,1.14795314978837e-39)
 (7.33733733733734e+00,0.00000000000000e+00) (1.52619047272178e-23,0.00000000000000e+00)
 (7.35735735735736e+00,0.00000000000000e+00) (1.14032260298397e-23,1.14795256349892e-39)
 (7.37737737737738e+00,0.00000000000000e+00) (8.51324993500345e-24,0.00000000000000e+00)
 (7.39739739739740e+00,0.00000000000000e+00) (6.35055538943262e-24,-1.14795201359226e-39)
 (7.41741741741742e+00,0.00000000000000e+00) (4.73343833381933e-24,0.00000000000000e+00)
 (7.43743743743744e+00,0.00000000000000e+00) (3.52525426533247e-24,0.00000000000000e+00)
 (7.45745745745746e+00,0.00000000000000e+00) (2.62332981149545e-24,-2.86987813012402e-40)
 (7.47747747747748e+00,0.00000000000000e+00) (1.95058142397889e-24,-1.43493876754526e-40)
 (7.49749749749750e+00,0.00000000000000e+00) (1.44918567186228e-24,-1.43493847940768e-40)
 (7.51751751751752e+00,0.00000000000000e+00) (1.07580300662640e-24,-1.43493820035359e-40)
 (7.53753753753754e+00,0.00000000000000e+00) (7.97976803480955e-25,-7.17468965048309e-41)
 (7.55755755755756e+00,0.00000000000000e+00) (5.91420790634671e-25,-1.43493766835945e-40)
 (7.57757757757758e+00,0.00000000000000e+00) (4.37977430657738e-25,7.17468707436743e-41)
 (7.59759759759760e+00,0.00000000000000e+00) (3.24082600439866e-25,-1.79367146172327e-41)
 (7.61761761761762e+00,0.00000000000000e+00) (2.39611994256068e-25,-1.79367116452864e-41)
 (7.63763763763764e+00,0.00000000000000e+00) (1.77015079139297e-25,1.79367087670299e-41)
 (7.65765765765766e+00,0.00000000000000e+00) (1.30665477580533e-25,-1.79367059795098e-41)
 (7.67767767767768e+00,0.00000000000000e+00) (9.63741052251700e-26,-8.96835163993277e-42)
 (7.69769769769770e+00,0.00000000000000e+00) (7.10245965322070e-26,-8.96835033266340e-42)
 (7.71771771771772e+00,0.00000000000000e+00) (5.23005341773064e-26,0.00000000000000e+00)
 (7.73773773773774e+00,0.00000000000000e+00) (3.84815380611199e-26,-4.48417392022969e-42)
 (7.75775775775776e+00,0.00000000000000e+00) (2.82909598508686e-26,-2.24208666324183e-42)
 (7.77777777777778e+00,0.00000000000000e+00) (2.07822191811033e-26,3.36312956359147e-42)
 (7.79779779779780e+00,0.00000000000000e+00) (1.52540495264162e-26,-1.12104304863863e-42)
 (7.81781781781782e+00,0.00000000000000e+00) (1.11873542654140e-26,1.12104291380246e-42)
 (7.83783783783784e+00,0.00000000000000e+00) (8.19820269716579e-27,-1.12104278321696e-42)
 (7.85785785785786e+00,0.00000000000000e+00) (6.00287015426876e-27,-5.60521328374060e-43)
 (7.87787787787788e+00,0.00000000000000e+00) (4.39185808187109e-27,2.80260633566543e-43)
 (7.89789789789790e+00,0.00000000000000e+00) (3.21060377247103e-27,8.40781811734065e-43)
 (7.91791791791792e+00,0.00000000000000e+00) (2.34516932413698e-27,0.00000000000000e+00)
 (7.93793793793794e+00,0.00000000000000e+00) (1.71163355305939e-27,-1.40130273688058e-43)
 (7.95795795795796e+00,0.00000000000000e+00) (1.24823537200525e-27,2.80260520438050e-43)
 (7.97797797797798e+00,0.00000000000000e+00) (9.09559889931573e-28,-7.00651235872993e-44)
 (7.99799799799800e+00,0.00000000000000e+00) (6.62239758300112e-28,7.00651172706962e-44)
 (8.01801801801802e+00,0.00000000000000e+00) (4.81779536247249e-28,3.50325555766108e-44)
 (8.03803803803804e+00,0.00000000000000e+00) (3.50211666939004e-28,0.00000000000000e+00)
 (8.05805805805806e+00,0.00000000000000e+00) (2.54367748804349e-28,-1.75162748726865e-44)
 (8.07807807807808e+00,0.00000000000000e+00) (1.84604665056307e-28,0.00000000000000e+00)
 (8.09809809809810e+00,0.00000000000000e+00) (1.33866681965464e-28,-1.75162721379974e-44)
 (8.11811811811812e+00,0.00000000000000e+00) (9.69954900762015e-29,8.75813541748259e-45)
 (8.13813813813814e+00,0.00000000000000e+00) (7.02230701072311e-29,4.37906739325263e-45)
 (8.15815815815816e+00,0.00000000000000e+00) (5.07992528533503e-29,-4.37906708770960e-45)
 (8.17817817817818e+00,0.00000000000000e+00) (3.67184289555836e-29,-2.18953339589935e-45)
 (8.19819819819820e+00,0.00000000000000e+00) (2.65191820224220e-29,0.00000000000000e+00)
 (8.21821821821822e+00,0.00000000000000e+00) (1.91375102761355e-29,1.09476655691705e-45)
 (8.23823823823824e+00,0.00000000000000e+00) (1.37993948544129e-29,-2.18953297943486e-45)
 (8.25825825825826e+00,0.00000000000000e+00) (9.94223332646247e-30,0.00000000000000e+00)
 (8.27827827827828e+00,0.00000000000000e+00) (7.15743112202203e-30,0.00000000000000e+00)
 (8.29829829829830e+00,0.00000000000000e+00) (5.14848833385413e-30,0.00000000000000e+00)
 (8.31831831831832e+00,0.00000000000000e+00) (3.70042520223645e-30,0.00000000000000e+00)
 (8.33833833833834e+00,0.00000000000000e+00) (2.65749759926065e-30,-5.47383092095713e-46)
 (8.35835835835836e+00,0.00000000000000e+00) (1.90696840342829e-30,5.47383064370908e-46)
 (8.37837837837838e+00,0.00000000000000e+00) (1.36729898472893e-30,1.36845759380028e-46)
 (8.39839839839840e+00,0.00000000000000e+00) (9.79564132826165e-31,0.00000000000000e+00)
 (8.41841841841842e+00,0.00000000000000e+00) (7.01215745910379e-31,0.00000000000000e+00)
 (8.43843843843844e+00,0.00000000000000e+00) (5.01556493534213e-31,6.84228702425733e-47)
 (8.45845845845846e+00,0.00000000000000e+00) (3.58457341822649e-31,-3.42114336449287e-47)
 (8.47847847847848e+00,0.00000000000000e+00) (2.55979118085486e-31,-1.71057161075561e-47)
 (8.49849849849850e+00,0.00000000000000e+00) (1.82650575377168e-31,1.71057154151851e-47)
 (8.51851851851852e+00,0.00000000000000e+00) (1.30222794198327e-31,-2.56585721169610e-47)
 (8.53853853853854e+00,0.00000000000000e+00) (9.27689081613228e-32,-8.55285704761741e-48)
 (8.55855855855856e+00,0.00000000000000e+00) (6.60339630144417e-32,-4.27642836657530e-48)
 (8.57857857857858e+00,0.00000000000000e+00) (4.69658051200321e-32,-4.27642821429860e-48)
 (8.59859859859860e+00,0.00000000000000e+00) (3.33768759775244e-32,4.27642806682234e-48)
 (8.61861861861862e+00,0.00000000000000e+00) (2.37005875713109e-32,2.13821396199760e-48)
 (8.63863863863864e+00,0.00000000000000e+00) (1.68159755204040e-32,-3.20732083925297e-48)
 (8.65865865865866e+00,0.00000000000000e+00) (1.19216002851886e-32,0.00000000000000e+00)
 (8.67867867867868e+00,0.00000000000000e+00) (8.44494049169209e-33,5.34553440245729e-49)
 (8.69869869869870e+00,0.00000000000000e+00) (5.97734314901390e-33,0.00000000000000e+00)
 (8.71871871871872e+00,0.00000000000000e+00) (4.22736115309079e-33,2.67276704664081e-49)
 (8.73873873873874e+00,0.00000000000000e+00) (2.98730863848623e-33,-2.67276697298236e-49)
 (8.75875875875876e+00,0.00000000000000e+00) (2.10931007378684e-33,0.00000000000000e+00)
 (8.77877877877878e+00,0.00000000000000e+00) (1.48816250728556e-33,2.67276683255840e-49)
 (8.79879879879880e+00,0.00000000000000e+00) (1.04908312415626e-33,-1.33638338282439e-49)
 (8.81881881881882e+00,0.00000000000000e+00) (7.38956823143988e-34,-6.68191675212116e-50)
 (8.83883883883884e+00,0.00000000000000e+00) (5.20089225605535e-34,-6.68191659522735e-50)
 (8.85885885885886e+00,0.00000000000000e+00) (3.65751647380610e-34,0.00000000000000e+00)
 (8.87887887887888e+00,0.00000000000000e+00) (2.57006658897247e-34,0.00000000000000e+00)
 (8.89889889889890e+00,0.00000000000000e+00) (1.80448020190967e-34,-1.67047903840079e-50)
 (8.91891891891892e+00,0.00000000000000e+00) (1.26592955119054e-34,-8.35239501947163e-51)
 (8.93893893893894e+00,0.00000000000000e+00) (8.87394300259926e-35,0.00000000000000e+00)
 (8.95895895895896e+00,0.00000000000000e+00) (6.21546209496213e-35,0.00000000000000e+00)
 (8.97897897897898e+00,0.00000000000000e+00) (4.34990637615495e-35,0.00000000000000e+00)
 (8.99899899899900e+00,0.00000000000000e+00) (3.04183818058349e-35,-2.08809859551115e-51)
 (9.01901901901902e+00,0.00000000000000e+00) (2.12540659190982e-35,-2.08809855876146e-51)
 (9.03903903903904e+00,0.00000000000000e+00) (1.48387619744363e-35,1.04404926158514e-51)
 (9.05905905905906e+00,0.00000000000000e+00) (1.03514944116057e-35,0.00000000000000e+00)
 (9.07907907907908e+00,0.00000000000000e+00) (7.21536297005210e-36,-1.04404922765928e-51)
 (9.09909909909910e+00,0.00000000000000e+00) (5.02531247546854e-36,-5.22024605747090e-52)
 (9.11911911911912e+00,0.00000000000000e+00) (3.49717790647277e-36,-2.61012298959671e-52)
 (9.13913913913914e+00,0.00000000000000e+00) (2.43176809471566e-36,-1.30506147584589e-52)
 (9.15915915915916e+00,0.00000000000000e+00) (1.68957070527316e-36,-1.30506145749090e-52)
 (9.17917917917918e+00,0.00000000000000e+00) (1.17295237615677e-36,-1.30506143971454e-52)
 (9.19919919919920e+00,0.00000000000000e+00) (8.13643558783728e-37,-6.52530711249283e-53)
 (9.21921921921922e+00,0.00000000000000e+00) (5.63946380689541e-37,-3.26265351456330e-53)
 (9.23923923923924e+00,0.00000000000000e+00) (3.90563143486374e-37,0.00000000000000e+00)
 (9.25925925925926e+00,0.00000000000000e+00) (2.70267939656267e-37,3.26265343509775e-53)
 (9.27927927927928e+00,0.00000000000000e+00) (1.86873466817023e-37,-1.63132669861689e-53)
 (9.29929929929930e+00,0.00000000000000e+00) (1.29107241274512e-37,2.44699002042259e-53)
 (9.31931931931932e+00,0.00000000000000e+00) (8.91257948259436e-38,0.00000000000000e+00)
 (9.33933933933934e+00,0.00000000000000e+00) (6.14760697868591e-38,-4.07831661331798e-54)
 (9.35935935935936e+00,0.00000000000000e+00) (4.23700178475221e-38,-4.07831657167989e-54)
 (9.37937937937938e+00,0.00000000000000e+00) (2.91783735852877e-38,-2.03915826567721e-54)
 (9.39939939939940e+00,0.00000000000000e+00) (2.00776742622461e-38,2.03915824615009e-54)
 (9.41941941941942e+00,0.00000000000000e+00) (1.38043393186851e-38,-1.01957911361928e-54)
 (9.43943943943944e+00,0.00000000000000e+00) (9.48348048140385e-39,5.09789552230799e-55)
 (9.45945945945946e+00,0.00000000000000e+00) (6.50983226488375e-39,5.09789547796305e-55)
 (9.47947947947948e+00,0.00000000000000e+00) (4.46500310920199e-39,5.09789543501606e-55)
 (9.49949949949950e+00,0.00000000000000e+00) (3.06001576779231e-39,2.54894769671147e-55)
 (9.51951951951952e+00,0.00000000000000e+00) (2.09544131624619e-39,2.54894767657052e-55)
 (9.53953953953954e+00,0.00000000000000e+00) (1.43376273663977e-39,-1.27447382853225e-55)
 (9.55955955955956e+00,0.00000000000000e+00) (9.80232349545981e-40,6.37236909543347e-56)
 (9.57957957957958e+00,0.00000000000000e+00) (6.69623577582904e-40,0.00000000000000e+00)
 (9.59959959959960e+00,0.00000000000000e+00) (4.57069681565266e-40,-1.27447380107950e-55)
 (9.61961961961962e+00,0.00000000000000e+00) (3.11733928018418e-40,6.37236896249689e-56)
 (9.63963963963964e+00,0.00000000000000e+00) (2.12439718298970e-40,0.00000000000000e+00)
 (9.65965965965966e+00,0.00000000000000e+00) (1.44656301523307e-40,1.59309222017758e-56)
 (9.67967967967968e+00,0.00000000000000e+00) (9.84212781123188e-41,7.96546105217551e-57)
 (9.69969969969970e+00,0.00000000000000e+00) (6.69099422051540e-41,7.96546100499876e-57)
 (9.71971971971972e+00,0.00000000000000e+00) (4.54508832616842e-41,0.00000000000000e+00)
 (9.73973973973974e+00,0.00000000000000e+00) (3.08492085276766e-41,-1.99136522876501e-57)
 (9.75975975975976e+00,0.00000000000000e+00) (2.09216416231726e-41,3.98273043610288e-57)
 (9.77977977977978e+00,0.00000000000000e+00) (1.41774306687054e-41,-2.98704781151342e-57)
 (9.79979979979980e+00,0.00000000000000e+00) (9.59951638780697e-42,9.95682598813441e-58)
 (9.81981981981982e+00,0.00000000000000e+00) (6.49458241993232e-42,-4.97841296973732e-58)
 (9.83983983983984e+00,0.00000000000000e+00) (4.39039074627070e-42,-2.48920647308721e-58)
 (9.85985985985986e+00,0.00000000000000e+00) (2.96554956327916e-42,-4.97841292335433e-58)
 (9.87987987987988e+00,0.00000000000000e+00) (2.00150775591750e-42,-2.48920645062682e-58)
 (9.89989989989990e+00,0.00000000000000e+00) (1.34976901147909e-42,0.00000000000000e+00)
 (9.91991991991992e+00,0.00000000000000e+00) (9.09518886130909e-43,-1.24460321478010e-58)
 (9.93993993993994e+00,0.00000000000000e+00) (6.12370258323313e-43,1.24460320976116e-58)
 (9.95995995995996e+00,0.00000000000000e+00) (4.11970923014382e-43,-3.11150801225111e-59)
 (9.97997997997998e+00,0.00000000000000e+00) (2.76929456444083e-43,4.66726200072358e-59)
 (1.00000000000000e+01,0.00000000000000e+00) (1.86003819733014e-43,1.55575399454233e-59)
