  -1.00000000000000e+01   1.55575399454233e-59
  -9.97997997997998e+00   1.55575400024119e-59
  -9.95995995995996e+00   0.00000000000000e+00
  -9.93993993993994e+00   0.00000000000000e+00
  -9.91991991991992e+00  -1.24460321478010e-58
  -9.89989989989990e+00  -1.24460321996241e-58
  -9.87987987987988e+00   0.00000000000000e+00
  -9.85985985985986e+00   0.00000000000000e+00
  -9.83983983983984e+00   4.97841294617442e-58
  -9.81981981981982e+00   0.00000000000000e+00
  -9.79979979979980e+00  -9.95682598813441e-58
  -9.77977977977978e+00  -9.95682603837808e-58
  -9.75975975975976e+00   1.99136521805144e-57
  -9.73973973973974e+00   0.00000000000000e+00
  -9.71971971971972e+00  -3.98273047965461e-57
  -9.69969969969970e+00   3.98273050249938e-57
  -9.67967967967968e+00   0.00000000000000e+00
  -9.65965965965966e+00   7.96546110088789e-57
  -9.63963963963964e+00   3.18618446047435e-56
  -9.61961961961962e+00  -3.18618448124845e-56
  -9.59959959959960e+00  -6.37236900539749e-56
  -9.57957957957958e+00  -6.37236904969453e-56
  -9.55955955955956e+00   1.27447381908669e-55
  -9.53953953953954e+00  -1.27447382853225e-55
  -9.51951951951952e+00   1.27447383828526e-55
  -9.49949949949950e+00   0.00000000000000e+00
  -9.47947947947948e+00   5.09789543501606e-55
  -9.45945945945946e+00   5.09789547796305e-55
  -9.43943943943944e+00   5.09789552230800e-55
  -9.41941941941942e+00   0.00000000000000e+00
  -9.39939939939940e+00  -2.03915824615009e-54
  -9.37937937937938e+00   4.07831653135442e-54
  -9.35935935935936e+00  -4.07831657167989e-54
  -9.33933933933934e+00  -4.07831661331798e-54
  -9.31931931931932e+00   0.00000000000000e+00
  -9.29929929929930e+00  -8.15663340140862e-54
  -9.27927927927928e+00   0.00000000000000e+00
  -9.25925925925926e+00   1.63132671754888e-53
  -9.23923923923924e+00   0.00000000000000e+00
  -9.21921921921922e+00   0.00000000000000e+00
  -9.19919919919920e+00  -6.52530711249283e-53
  -9.17917917917918e+00   6.52530719857269e-53
  -9.15915915915916e+00   1.30506145749090e-52
  -9.13913913913914e+00   2.61012295169179e-52
  -9.11911911911912e+00   2.61012298959671e-52
  -9.09909909909910e+00  -5.22024605747090e-52
  -9.07907907907908e+00   1.04404922765928e-51
  -9.05905905905906e+00  -1.04404924435055e-51
  -9.03903903903904e+00   2.08809852317029e-51
  -9.01901901901902e+00  -2.08809855876146e-51
  -8.99899899899900e+00  -2.08809859551115e-51
  -8.97897897897898e+00   4.17619726691413e-51
  -8.95895895895896e+00  -4.17619734527628e-51
  -8.93893893893894e+00   0.00000000000000e+00
  -8.91891891891892e+00   8.35239501947163e-51
  -8.89889889889890e+00   1.67047903840079e-50
  -8.87887887887888e+00  -1.67047907403045e-50
  -8.85885885885886e+00   3.34095822163977e-50
  -8.83883883883884e+00  -3.34095829761368e-50
  -8.81881881881882e+00  -6.68191675212116e-50
  -8.79879879879880e+00  -6.68191691412196e-50
  -8.77877877877878e+00   0.00000000000000e+00
  -8.75875875875876e+00   0.00000000000000e+00
  -8.73873873873874e+00  -2.67276697298236e-49
  -8.71871871871872e+00   5.34553409328163e-49
  -8.69869869869870e+00  -1.06910684907876e-48
  -8.67867867867868e+00  -5.34553440245729e-49
  -8.65865865865866e+00   2.13821382585333e-48
  -8.63863863863864e+00  -1.06910694641766e-48
  -8.61861861861862e+00  -2.13821396199760e-48
  -8.59859859859860e+00   4.27642806682234e-48
  -8.57857857857858e+00   8.55285642859719e-48
  -8.55855855855856e+00  -8.55285673315059e-48
  -8.53853853853854e+00   0.00000000000000e+00
  -8.51851851851852e+00   0.00000000000000e+00
  -8.49849849849850e+00   0.00000000000000e+00
  -8.47847847847848e+00  -1.71057161075561e-47
  -8.45845845845846e+00   0.00000000000000e+00
  -8.43843843843844e+00   3.42114351212866e-47
  -8.41841841841842e+00   6.84228732914020e-47
  -8.39839839839840e+00   1.36845752878944e-46
  -8.37837837837838e+00  -1.36845759380028e-46
  -8.35835835835836e+00  -1.36845766092727e-46
  -8.33833833833834e+00  -2.73691546047857e-46
  -8.31831831831832e+00   2.73691560361491e-46
  -8.29829829829830e+00   2.73691575141043e-46
  -8.27827827827828e+00   1.64214954241008e-45
  -8.25825825825826e+00   0.00000000000000e+00
  -8.23823823823824e+00  -1.09476648971743e-45
  -8.21821821821822e+00  -1.09476655691705e-45
  -8.19819819819820e+00   2.18953325260812e-45
  -8.17817817817818e+00  -2.18953339589935e-45
  -8.15815815815816e+00   0.00000000000000e+00
  -8.13813813813814e+00   4.37906739325262e-45
  -8.11811811811812e+00   8.75813541748259e-45
  -8.09809809809810e+00  -8.75813606899870e-45
  -8.07807807807808e+00  -1.75162734834443e-44
  -8.05805805805806e+00  -3.50325497453729e-44
  -8.03803803803804e+00   0.00000000000000e+00
  -8.01801801801802e+00   0.00000000000000e+00
  -7.99799799799800e+00  -3.50325586353481e-44
  -7.97797797797798e+00  -7.00651235872993e-44
  -7.95795795795796e+00  -7.00651301095126e-44
  -7.93793793793794e+00   0.00000000000000e+00
  -7.91791791791792e+00  -2.80260575191037e-43
  -7.89789789789790e+00  -2.80260603911355e-43
  -7.87787787787788e+00   5.60521267133085e-43
  -7.85785785785786e+00   0.00000000000000e+00
  -7.83783783783784e+00  -5.60521391608479e-43
  -7.81781781781782e+00   1.12104291380246e-42
  -7.79779779779780e+00  -1.12104304863863e-42
  -7.77777777777778e+00   2.24208637572764e-42
  -7.75775775775776e+00   2.24208666324183e-42
  -7.73773773773774e+00   0.00000000000000e+00
  -7.71771771771772e+00  -4.48417453330267e-42
  -7.69769769769770e+00   8.96835033266340e-42
  -7.67767767767768e+00   0.00000000000000e+00
  -7.65765765765766e+00   0.00000000000000e+00
  -7.63763763763764e+00  -1.79367087670299e-41
  -7.61761761761762e+00   1.79367116452864e-41
  -7.59759759759760e+00  -3.58734292344653e-41
  -7.57757757757758e+00   3.58734353718372e-41
  -7.55755755755756e+00  -7.17468834179724e-41
  -7.53753753753754e+00   0.00000000000000e+00
  -7.51751751751752e+00   0.00000000000000e+00
  -7.49749749749750e+00   0.00000000000000e+00
  -7.47747747747748e+00  -2.86987753509052e-40
  -7.45745745745746e+00  -1.43493906506201e-40
  -7.43743743743744e+00   2.86987874452646e-40
  -7.41741741741742e+00   2.86987937892833e-40
  -7.39739739739740e+00   5.73976006796129e-40
  -7.37737737737738e+00  -1.72192842621336e-39
  -7.35735735735736e+00  -1.14795256349892e-39
  -7.33733733733734e+00  -1.14795285194896e-39
  -7.31731731731732e+00  -2.29590629957674e-39
  -7.29729729729730e+00   2.29590691464558e-39
  -7.27727727727728e+00  -2.29590754973560e-39
  -7.25725725725726e+00   9.18363282199418e-39
  -7.23723723723724e+00   4.59181776521469e-39
  -7.21721721721722e+00   4.59181916351370e-39
  -7.19719719719720e+00   0.00000000000000e+00
  -7.17717717717718e+00  -9.18364419628473e-39
  -7.15715715715716e+00  -1.83672945499342e-38
  -7.13713713713714e+00   1.83673009077290e-38
  -7.11711711711712e+00   3.67346149449567e-38
  -7.09709709709710e+00   7.34692570036761e-38
  -7.07707707707708e+00  -7.34692850000284e-38
  -7.05705705705706e+00   7.34693139077007e-38
  -7.03703703703704e+00   1.46938687512717e-37
  -7.01701701701702e+00   1.46938749153265e-37
  -6.99699699699700e+00  -1.46938812800303e-37
  -6.97697697697698e+00   1.46938878519147e-37
  -6.95695695695696e+00  -2.93877892754478e-37
  -6.93693693693694e+00  -5.87756065776869e-37
  -6.91691691691692e+00   5.87756355167944e-37
  -6.89689689689690e+00   0.00000000000000e+00
  -6.87687687687688e+00   0.00000000000000e+00
  -6.85685685685686e+00   1.17551456219727e-36
  -6.83683683683684e+00  -2.35103044020184e-36
  -6.81681681681682e+00   0.00000000000000e+00
  -6.79679679679680e+00  -4.70206640341248e-36
  -6.77677677677678e+00   4.70206930047469e-36
  -6.75675675675676e+00  -4.70207229184169e-36
  -6.73673673673674e+00   0.00000000000000e+00
  -6.71671671671672e+00   0.00000000000000e+00
  -6.69669669669670e+00   9.40416372594746e-36
  -6.67667667667668e+00  -9.40417052654998e-36
  -6.65665665665666e+00   3.76167101941055e-35
  -6.63663663663664e+00   1.88083695981664e-35
  -6.61661661661662e+00   1.88083845713231e-35
  -6.59659659659660e+00  -3.76168000637795e-35
  -6.57657657657658e+00   3.76168319914670e-35
  -6.55655655655656e+00   1.12850594875428e-34
  -6.53653653653654e+00   7.52337979972822e-35
  -6.51651651651652e+00  -7.52338682937956e-35
  -6.49649649649650e+00  -1.50467881757278e-34
  -6.47647647647648e+00   0.00000000000000e+00
  -6.45645645645646e+00   1.50468186427449e-34
  -6.43643643643644e+00   0.00000000000000e+00
  -6.41641641641642e+00  -3.00937022512339e-34
  -6.39639639639640e+00   3.00937363286890e-34
  -6.37637637637638e+00  -6.01875430309322e-34
  -6.35635635635636e+00   6.01876156953589e-34
  -6.33633633633634e+00   1.20375381450478e-33
  -6.31631631631632e+00  -1.20375536395163e-33
  -6.29629629629630e+00   2.40751392767611e-33
  -6.27627627627628e+00   0.00000000000000e+00
  -6.25625625625626e+00   0.00000000000000e+00
  -6.23623623623624e+00   0.00000000000000e+00
  -6.21621621621622e+00   4.81505560573757e-33
  -6.19619619619620e+00  -4.81506311698519e-33
  -6.17617617617618e+00  -4.81507087275287e-33
  -6.15615615615616e+00   9.63015776200299e-33
  -6.13613613613614e+00  -9.63017429990241e-33
  -6.11611611611612e+00  -2.88905741285390e-32
  -6.09609609609610e+00  -3.85208360334526e-32
  -6.07607607607608e+00   3.85209088582088e-32
  -6.05605605605606e+00  -1.92604920268710e-32
  -6.03603603603604e+00   7.70421233944828e-32
  -6.01601601601602e+00   7.70422837368204e-32
  -5.99599599599600e+00   7.70421554054735e-32
  -5.97597597597598e+00   7.70423263569899e-32
  -5.95595595595596e+00  -1.54086181327531e-31
  -5.93593593593594e+00  -3.08172503923178e-31
  -5.91591591591592e+00   1.54088097839830e-31
  -5.89589589589590e+00   1.54086723111229e-31
  -5.87587587587588e+00   3.08173073235754e-31
  -5.85585585585586e+00   3.08175077561616e-31
  -5.83583583583584e+00  -3.08173582080696e-31
  -5.81581581581582e+00  -6.16355984903196e-31
  -5.79579579579580e+00  -6.16360160799677e-31
  -5.77577577577578e+00  -1.23271938736630e-30
  -5.75575575575576e+00   1.23271387333666e-30
  -5.73573573573574e+00  -1.23271318838496e-30
  -5.71571571571572e+00  -1.23271733668076e-30
  -5.69569569569570e+00   0.00000000000000e+00
  -5.67567567567568e+00  -2.46543327564329e-30
  -5.65565565565566e+00   2.46549883955280e-30
  -5.63563563563564e+00   0.00000000000000e+00
  -5.61561561561562e+00   9.86203441505138e-30
  -5.59559559559560e+00  -9.86207463597327e-30
  -5.57557557557558e+00   9.86207854560968e-30
  -5.55555555555556e+00  -9.86204618611953e-30
  -5.53553553553554e+00  -9.86216570690234e-30
  -5.51551551551552e+00   9.86236191279048e-30
  -5.49549549549550e+00   1.97245172730880e-29
  -5.47547547547548e+00  -1.97246147657222e-29
  -5.45545545545546e+00   1.97244144575373e-29
  -5.43543543543544e+00   7.88998794647042e-29
  -5.41541541541542e+00   3.94498534146041e-29
  -5.39539539539540e+00  -7.88995481665142e-29
  -5.37537537537538e+00  -7.89024137509900e-29
  -5.35535535535536e+00  -1.57802160993853e-28
  -5.33533533533534e+00  -7.89015685250290e-29
  -5.31531531531532e+00  -1.57805348840209e-28
  -5.29529529529530e+00  -1.57805185549487e-28
  -5.27527527527528e+00   1.57806260097313e-28
  -5.25525525525526e+00  -3.15614739275299e-28
  -5.23523523523524e+00   4.81593369477965e-33
  -5.21521521521522e+00   0.00000000000000e+00
  -5.19519519519520e+00  -6.31243679204993e-28
  -5.17517517517518e+00  -6.31239092268597e-28
  -5.15515515515516e+00  -6.31253933821800e-28
  -5.13513513513514e+00  -6.31240048439709e-28
  -5.11511511511512e+00   1.26252973451640e-27
  -5.09509509509510e+00   1.26254120493993e-27
  -5.07507507507508e+00  -3.85300613083225e-32
  -5.05505505505506e+00  -2.52513055744981e-27
  -5.03503503503504e+00   2.52511728284719e-27
  -5.01501501501502e+00  -2.52518189251906e-27
  -4.99499499499499e+00   2.52528588407550e-27
  -4.97497497497497e+00  -2.52508249803934e-27
  -4.95495495495495e+00   5.05037654485617e-27
  -4.93493493493493e+00   5.05074409941227e-27
  -4.91491491491491e+00   5.05095945921726e-27
  -4.89489489489489e+00   1.01011205501982e-26
  -4.87487487487487e+00  -2.02031187555046e-26
  -4.85485485485485e+00   1.01016941873913e-26
  -4.83483483483483e+00  -2.02036667778761e-26
  -4.81481481481481e+00   6.16575752295021e-31
  -4.79479479479479e+00   2.02042510905384e-26
  -4.77477477477477e+00  -2.02033244129889e-26
  -4.75475475475475e+00   2.02061073066098e-26
  -4.73473473473473e+00   1.23322759455519e-30
  -4.71471471471471e+00  -4.04110767367579e-26
  -4.69469469469469e+00  -4.04117736477728e-26
  -4.67467467467467e+00   0.00000000000000e+00
  -4.65465465465465e+00   8.08289393100817e-26
  -4.63463463463463e+00  -1.61656014516479e-25
  -4.61461461461461e+00   0.00000000000000e+00
  -4.59459459459459e+00   1.61667389707482e-25
  -4.57457457457457e+00   9.86729951704287e-30
  -4.55455455455455e+00   0.00000000000000e+00
  -4.53453453453453e+00   1.61623588895270e-25
  -4.51451451451451e+00  -3.23373031935884e-25
  -4.49449449449449e+00   0.00000000000000e+00
  -4.47447447447447e+00   1.97368721579869e-29
  -4.45445445445445e+00   0.00000000000000e+00
  -4.43443443443443e+00  -6.46771131554124e-25
  -4.41441441441441e+00  -3.94768434247809e-29
  -4.39439439439439e+00   6.46806643474598e-25
  -4.37437437437437e+00  -6.46746314409144e-25
  -4.35435435435435e+00  -1.29353109734529e-24
  -4.33433433433433e+00   1.29388667219096e-24
  -4.31431431431431e+00  -1.29392770087764e-24
  -4.29429429429429e+00   3.88127845920216e-24
  -4.27427427427427e+00  -3.15882782059444e-28
  -4.25425425425425e+00   2.58780209172445e-24
  -4.23423423423423e+00  -5.17610666538245e-24
  -4.21421421421421e+00  -2.58830762906590e-24
  -4.19419419419419e+00   2.58903897461436e-24
  -4.17417417417417e+00   5.17638781704041e-24
  -4.15415415415415e+00   5.17596805466006e-24
  -4.13413413413413e+00   1.03523741969243e-23
  -4.11411411411411e+00  -1.03540905105091e-23
  -4.09409409409409e+00   0.00000000000000e+00
  -4.07407407407407e+00   1.03537761407118e-23
  -4.05405405405405e+00   1.03555383980315e-23
  -4.03403403403403e+00  -1.03535245466125e-23
  -4.01401401401401e+00  -2.07156967868627e-23
  -3.99399399399399e+00   2.07117369928129e-23
  -3.97397397397397e+00   2.07153986940751e-23
  -3.95395395395395e+00  -2.07317420799318e-23
  -3.93393393393393e+00  -4.14355543123466e-23
  -3.91391391391391e+00  -8.28811582790027e-23
  -3.89389389389389e+00   8.28913716631359e-23
  -3.87387387387387e+00   4.14230526058753e-23
  -3.85385385385385e+00   4.14257996789272e-23
  -3.83383383383383e+00  -8.29078698778920e-23
  -3.81381381381381e+00  -2.02401398031531e-26
  -3.79379379379379e+00  -8.29096664289910e-23
  -3.77377377377377e+00   4.04862881868362e-26
  -3.75375375375375e+00  -2.48787368138461e-22
  -3.73373373373373e+00   1.65777098505728e-22
  -3.71371371371371e+00  -4.04960583891580e-26
  -3.69369369369369e+00  -3.31772154176540e-22
  -3.67367367367367e+00  -4.97783299750298e-22
  -3.65365365365365e+00   3.31993892751807e-22
  -3.63363363363363e+00   3.31863195226779e-22
  -3.61361361361361e+00  -6.63791101979952e-22
  -3.59359359359359e+00  -6.63695858455805e-22
  -3.57357357357357e+00   9.95890430743721e-22
  -3.55355355355355e+00  -6.63674018348148e-22
  -3.53353353353353e+00   1.32846796381947e-21
  -3.51351351351351e+00  -1.32797148346402e-21
  -3.49349349349349e+00  -6.64226412597182e-22
  -3.47347347347347e+00  -6.64631882419482e-22
  -3.45345345345345e+00  -6.63742455497356e-22
  -3.43343343343343e+00   0.00000000000000e+00
  -3.41341341341341e+00  -1.32978326171741e-21
  -3.39339339339339e+00  -1.32866975581281e-21
  -3.37337337337337e+00  -1.94752363145272e-24
  -3.35335335335335e+00  -1.32840781527094e-21
  -3.33333333333333e+00   1.32990971765134e-21
  -3.31331331331331e+00   1.29894508152265e-24
  -3.29329329329329e+00  -2.66197258900348e-21
  -3.27327327327327e+00  -5.32484197074280e-21
  -3.25325325325325e+00   2.66158453400883e-21
  -3.23323323323323e+00   5.32412539182638e-21
  -3.21321321321321e+00   5.32251305219526e-21
  -3.19319319319319e+00  -2.60065115098617e-24
  -3.17317317317317e+00  -1.06543750644457e-20
  -3.15315315315315e+00  -5.20339477840329e-24
  -3.13313313313313e+00  -1.59986116219166e-20
  -3.11311311311311e+00  -1.06663308473367e-20
  -3.09309309309309e+00  -1.06635253752607e-20
  -3.07307307307307e+00   1.06555887707449e-20
  -3.05305305305305e+00  -1.06685661229012e-20
  -3.03303303303303e+00  -1.06607910124924e-20
  -3.01301301301301e+00  -2.13583150124164e-20
  -2.99299299299299e+00  -2.13743921958759e-20
  -2.97297297297297e+00  -2.13802327631430e-20
  -2.95295295295295e+00   2.13862667911496e-20
  -2.93293293293293e+00   4.27432601369214e-20
  -2.91291291291291e+00  -2.14615725894134e-20
  -2.89289289289289e+00  -8.55806169629645e-20
  -2.87287287287287e+00  -2.13498007430770e-20
  -2.85285285285285e+00   4.27973561296334e-20
  -2.83283283283283e+00   0.00000000000000e+00
  -2.81281281281281e+00  -4.27435285078479e-20
  -2.79279279279279e+00  -4.30101881821288e-20
  -2.77277277277277e+00  -8.57180260802912e-20
  -2.75275275275275e+00  -1.28627196430869e-19
  -2.73273273273273e+00  -8.57022427576799e-20
  -2.71271271271271e+00   1.67620560479989e-22
  -2.69269269269269e+00   8.56909341885768e-20
  -2.67267267267267e+00  -8.57289948697648e-20
  -2.65265265265265e+00   1.67844093445047e-22
  -2.63263263263263e+00  -1.71953811739924e-19
  -2.61261261261261e+00  -8.56829921900989e-20
  -2.59259259259259e+00   3.36181714994126e-22
  -2.57257257257257e+00  -3.36357393943812e-22
  -2.55255255255255e+00  -1.70961790342770e-19
  -2.53253253253253e+00  -3.44808092586896e-19
  -2.51251251251251e+00  -1.72503384438288e-19
  -2.49249249249249e+00  -3.46560631591749e-19
  -2.47247247247247e+00  -5.18136687908135e-19
  -2.45245245245245e+00   0.00000000000000e+00
  -2.43243243243243e+00   3.44519803827961e-19
  -2.41241241241241e+00   3.46105463820400e-19
  -2.39239239239239e+00   0.00000000000000e+00
  -2.37237237237237e+00  -6.95905429291891e-19
  -2.35235235235235e+00   2.70983050614615e-21
  -2.33233233233233e+00  -1.04544668393835e-18
  -2.31231231231231e+00  -3.48760582281482e-19
  -2.29229229229229e+00  -6.98096856708623e-19
  -2.27227227227227e+00   6.90536252447253e-19
  -2.25225225225225e+00  -6.96586845415794e-19
  -2.23223223223223e+00   2.72352423401820e-21
  -2.21221221221221e+00  -6.89698853575584e-19
  -2.19219219219219e+00   1.39711120029043e-18
  -2.17217217217217e+00  -1.38758880513875e-18
  -2.15215215215215e+00   2.10541833382485e-18
  -2.13213213213213e+00  -1.40146810259995e-18
  -2.11211211211211e+00  -6.85068969426264e-19
  -2.09209209209209e+00   5.48685787882662e-21
  -2.07207207207207e+00  -1.09867119047536e-20
  -2.05205205205205e+00  -1.10001575129378e-20
  -2.03203203203203e+00  -1.39877434918407e-18
  -2.01201201201201e+00  -1.41162847755361e-18
  -1.99199199199199e+00  -2.82706403993884e-18
  -1.97197197197197e+00  -1.39338371474637e-18
  -1.95195195195195e+00   1.39538897936154e-18
  -1.93193193193193e+00  -1.39746339253801e-18
  -1.91191191191191e+00   1.42182584244772e-18
  -1.89189189189189e+00  -2.87041383368703e-18
  -1.87187187187187e+00  -2.87511588850912e-18
  -1.85185185185185e+00  -2.87997958632304e-18
  -1.83183183183183e+00  -2.84027952312058e-18
  -1.81181181181181e+00   0.00000000000000e+00
  -1.79179179179179e+00  -5.74629318655430e-18
  -1.77177177177177e+00   2.92365005692044e-18
  -1.75175175175175e+00  -5.72368232880687e-18
  -1.73173173173173e+00   8.67083991515786e-18
  -1.71171171171171e+00   2.94164303616634e-18
  -1.69169169169169e+00  -2.81197079041280e-18
  -1.67167167167167e+00   3.09106026859550e-18
  -1.65165165165165e+00   9.11374461623287e-20
  -1.63163163163163e+00  -5.75446014973228e-18
  -1.61161161161161e+00   1.19035672273337e-17
  -1.59159159159159e+00  -9.18189892739391e-20
  -1.57157157157157e+00  -1.15046004974015e-17
  -1.55155155155155e+00  -6.09085385261693e-18
  -1.53153153153153e+00  -5.73742939403189e-18
  -1.51151151151151e+00   5.57039363967231e-19
  -1.49149149149149e+00  -1.86233472544427e-19
  -1.47147147147147e+00  -1.21363659379312e-17
  -1.45145145145145e+00  -1.19865579335483e-17
  -1.43143143143143e+00  -1.20246891355109e-17
  -1.41141141141141e+00  -1.82845992189846e-17
  -1.39139139139139e+00  -6.43079072904040e-18
  -1.37137137137137e+00   3.79913399157915e-19
  -1.35135135135135e+00  -3.81297604998978e-19
  -1.33133133133133e+00   1.18503478181767e-17
  -1.31131131131131e+00  -3.84197931420001e-19
  -1.29129129129129e+00  -1.19393295127298e-17
  -1.27127127127127e+00   1.12110997914265e-17
  -1.25125125125125e+00   3.88893902460044e-19
  -1.23123123123123e+00   2.49452522320441e-17
  -1.21121121121121e+00  -1.40935033899550e-17
  -1.19119119119119e+00  -2.59431924986223e-17
  -1.17117117117117e+00  -3.86877811300602e-17
  -1.15115115115115e+00  -1.34832609994577e-17
  -1.13113113113113e+00  -5.25784766847064e-17
  -1.11111111111111e+00   8.03231589834930e-19
  -1.09109109109109e+00   1.44779441326557e-17
  -1.07107107107107e+00  -2.50376067247589e-17
  -1.05105105105105e+00   2.92374652599590e-17
  -1.03103103103103e+00  -2.28212004397681e-17
  -1.01101101101101e+00  -3.29917684931076e-18
  -9.90990990990991e-01   9.86514593753143e-18
  -9.70970970970971e-01  -2.81709146589966e-17
  -9.50950950950951e-01  -5.66395280823912e-17
  -9.30930930930931e-01   1.50802173417379e-17
  -9.10910910910911e-01  -3.03259876803447e-17
  -8.90890890890891e-01   4.57425097649470e-17
  -8.70870870870871e-01   5.96139423545292e-17
  -8.50850850850851e-01  -3.76024751296434e-17
  -8.30830830830831e-01   3.45123430388437e-17
  -8.10810810810811e-01  -3.12071278094780e-17
  -7.90790790790791e-01  -2.43182323027585e-17
  -7.70770770770770e-01   3.51501686226745e-17
  -7.50750750750750e-01  -2.81910390447024e-17
  -7.30730730730730e-01   0.00000000000000e+00
  -7.10710710710710e-01   2.12458067997548e-17
  -6.90690690690690e-01  -3.23952391250781e-17
  -6.70670670670670e-01  -3.63159234798702e-17
  -6.50650650650650e-01  -7.47669256156972e-18
  -6.30630630630630e-01  -2.92813312302772e-17
  -6.10610610610610e-01  -3.70873061437754e-17
  -5.90590590590590e-01   0.00000000000000e+00
  -5.70570570570570e-01   5.20096343794027e-17
  -5.50550550550550e-01  -7.21502258300789e-18
  -5.30530530530530e-01   5.33679173961331e-17
  -5.10510510510510e-01  -2.25309935417953e-17
  -4.90490490490490e-01  -3.07472235023492e-17
  -4.70470470470470e-01   8.64578809964685e-17
  -4.50450450450450e-01   2.38667386944816e-17
  -4.30430430430430e-01   1.47205248704037e-17
  -4.10410410410410e-01   6.44499626332555e-17
  -3.90390390390390e-01  -6.50254564690089e-17
  -3.70370370370370e-01  -1.48031381386460e-17
  -3.50350350350350e-01  -1.62041355507651e-17
  -3.30330330330330e-01  -3.26482556978277e-17
  -3.10310310310310e-01   1.64456448277774e-18
  -2.90290290290290e-01   1.06493875656146e-16
  -2.70270270270270e-01   7.44555626543034e-17
  -2.50250250250250e-01  -5.66691558340152e-17
  -2.30230230230230e-01  -6.36193244489634e-17
  -2.10210210210210e-01   3.04571109244115e-17
  -1.90190190190190e-01   5.64750563403699e-17
  -1.70170170170170e-01  -5.70834489566572e-17
  -1.50150150150150e-01   3.21444369540489e-17
  -1.30130130130130e-01  -1.69692471164479e-17
  -1.10110110110110e-01  -5.43896632035550e-17
  -9.00900900900901e-02   4.18929178581129e-18
  -7.00700700700700e-02  -9.35311369035869e-17
  -5.00500500500500e-02   4.70455701143348e-17
  -3.00300300300300e-02   8.54355226962387e-17
  -1.00100100100100e-02  -4.23775311225963e-17
   1.00100100100100e-02  -9.42584315259877e-19
   3.00300300300300e-02  -1.26014280862743e-16
   5.00500500500500e-02  -8.94330581393031e-17
   7.00700700700700e-02   8.85997818740595e-17
   9.00900900900901e-02  -3.20614728096936e-18
   1.10110110110110e-01   9.18466147300851e-18
   1.30130130130130e-01  -8.82395222036684e-17
   1.50150150150150e-01   7.29483670042365e-17
   1.70170170170170e-01   4.53762409526187e-17
   1.90190190190190e-01  -4.45434411882601e-17
   2.10210210210210e-01   2.40150352071351e-18
   2.30230230230230e-01   4.29170144203947e-17
   2.50250250250250e-01   3.34248484876351e-17
   2.70270270270270e-01   7.44555626543034e-17
   2.90290290290290e-01  -6.94307017482877e-17
   3.10310310310310e-01  -3.76774212113356e-18
   3.30330330330330e-01   7.85292727157243e-17
   3.50350350350350e-01   3.86170370162046e-17
   3.70370370370370e-01   6.54262957079055e-18
   3.90390390390390e-01   1.09088444750583e-16
   4.10410410410410e-01  -7.36731886753534e-17
   4.30430430430430e-01  -3.91434832044435e-17
   4.50450450450450e-01  -6.61055614611240e-17
   4.70470470470470e-01  -1.00633324870161e-16
   4.90490490490490e-01   3.48043123138059e-17
   5.10510510510510e-01   3.67275797642267e-17
   5.30530530530530e-01  -3.39139334975922e-17
   5.50550550550550e-01   3.13223776072671e-17
   5.70570570570570e-01  -3.72523314871314e-17
   5.90590590590590e-01  -1.98719132066638e-18
   6.10610610610610e-01   0.00000000000000e+00
   6.30630630630630e-01  -3.10768509499401e-17
   6.50650650650650e-01  -1.73560243577189e-18
   6.70670670670670e-01   3.04832264187025e-17
   6.90690690690690e-01  -2.94099841556952e-17
   7.10710710710710e-01  -3.14442320327773e-17
   7.30730730730730e-01   0.00000000000000e+00
   7.50750750750750e-01   1.37933004123484e-18
   7.70770770770770e-01  -2.85123810901147e-17
   7.90790790790791e-01   6.27787870927628e-19
   8.10810810810811e-01  -2.93023165567197e-17
   8.30830830830831e-01   2.73399311692554e-17
   8.50850850850851e-01   2.88092269551500e-17
   8.70870870870871e-01  -2.75386006922090e-17
   8.90890890890891e-01  -5.52142853349974e-17
   9.10910910910911e-01  -2.76568872853800e-17
   9.30930930930931e-01   4.46193336917667e-19
   9.50950950950951e-01  -8.12057993972361e-17
   9.70970970970971e-01   4.03092820737788e-19
   9.90990990990991e-01  -7.65703579701554e-19
   1.01101101101101e+00   1.33784309156924e-17
   1.03103103103103e+00  -1.36410439300692e-17
   1.05105105105105e+00   1.30528452920682e-17
   1.07107107107107e+00   1.32938854839859e-17
   1.09109109109109e+00   2.56868879619135e-17
   1.11111111111111e+00   0.00000000000000e+00
   1.13113113113113e+00   5.15482467819492e-17
   1.15115115115115e+00  -2.55159030128154e-17
   1.17117117117117e+00   2.54517438081193e-17
   1.19119119119119e+00  -2.53290873357724e-17
   1.21121121121121e+00   1.24475867046157e-17
   1.23123123123123e+00  -3.75924032193691e-17
   1.25125125125125e+00   4.67210495561251e-20
   1.27127127127127e+00  -1.24810838078341e-17
   1.29129129129129e+00  -1.24259105171088e-17
   1.31131131131131e+00   1.22552590353054e-17
   1.33133133133133e+00  -1.23023727963620e-17
   1.35135135135135e+00   0.00000000000000e+00
   1.37137137137137e+00   0.00000000000000e+00
   1.39139139139139e+00   0.00000000000000e+00
   1.41141141141141e+00  -1.21013693297471e-17
   1.43143143143143e+00   6.02964816542229e-18
   1.45145145145145e+00  -1.19996604133881e-17
   1.47147147147147e+00   1.18219604731958e-20
   1.49149149149149e+00   5.96500728276627e-18
   1.51151151151151e+00  -1.03638200941586e-20
   1.53153153153153e+00   5.92945148054095e-18
   1.55155155155155e+00  -5.90800840584040e-18
   1.57157157157157e+00   5.90253443645356e-18
   1.59159159159159e+00  -5.87641531353211e-18
   1.61161161161161e+00  -1.17246195688925e-17
   1.63163163163163e+00  -5.85029210286784e-18
   1.65165165165165e+00   1.60238008516334e-21
   1.67167167167167e+00  -5.81920401639717e-18
   1.69169169169169e+00   5.80745006070205e-18
   1.71171171171171e+00  -2.89667732396734e-18
   1.73173173173173e+00  -1.15633413187772e-17
   1.75175175175175e+00   2.88571267830890e-18
   1.77177177177177e+00  -5.17431201740727e-22
   1.79179179179179e+00  -8.62041228397665e-18
   1.81181181181181e+00  -2.86817122606106e-18
   1.83183183183183e+00   5.72594480990558e-18
   1.85185185185185e+00   2.85775762624313e-18
   1.87187187187187e+00   8.55892695987590e-18
   1.89189189189189e+00  -2.84840153827926e-18
   1.91191191191191e+00  -1.42200916777478e-18
   1.93193193193193e+00  -1.41981274116759e-18
   1.95195195195195e+00  -1.41769042618251e-18
   1.97197197197197e+00   1.41563969979839e-18
   1.99199199199199e+00  -1.41357643343684e-18
   2.01201201201201e+00   0.00000000000000e+00
   2.03203203203203e+00  -1.40980077018924e-18
   2.05205205205205e+00  -4.22410286413698e-18
   2.07207207207207e+00  -1.40631858646249e-18
   2.09209209209209e+00  -1.40463561697962e-18
   2.11211211211211e+00   0.00000000000000e+00
   2.13213213213213e+00   1.40148839056324e-18
   2.15215215215215e+00  -6.99992321929327e-19
   2.17217217217217e+00  -1.39852473453225e-18
   2.19219219219219e+00  -6.98551398882593e-19
   2.21221221221221e+00  -1.39576208823858e-18
   2.23223223223223e+00   4.80201954797749e-24
   2.25225225225225e+00  -6.96591034836688e-19
   2.27227227227227e+00  -6.95975301997366e-19
   2.29229229229229e+00   0.00000000000000e+00
   2.31231231231231e+00   6.94808418892277e-19
   2.33233233233233e+00   6.94252959374160e-19
   2.35235235235235e+00  -3.42601223921443e-25
   2.37237237237237e+00   3.46598647756331e-19
   2.39239239239239e+00   0.00000000000000e+00
   2.41241241241241e+00  -3.46105435157377e-19
   2.43243243243243e+00  -3.45871292284017e-19
   2.45245245245245e+00  -5.18465915996834e-19
   2.47247247247247e+00   5.18136865538925e-19
   2.49249249249249e+00  -3.45212320530900e-19
   2.51251251251251e+00   0.00000000000000e+00
   2.53253253253253e+00   1.72403991077602e-19
   2.55255255255255e+00  -5.16923875424704e-19
   2.57257257257257e+00  -1.42749462859492e-26
   2.59259259259259e+00  -8.60625061793620e-20
   2.61261261261261e+00  -8.60190187782137e-20
   2.63263263263263e+00   1.71953822232805e-19
   2.65265265265265e+00  -1.71872351687728e-19
   2.67267267267267e+00  -1.71793531621784e-19
   2.69269269269269e+00  -8.58586357507548e-20
   2.71271271271271e+00   1.71643462382809e-19
   2.73273273273273e+00   1.71572041156821e-19
   2.75275275275275e+00  -8.57514663623711e-20
   2.77277277277277e+00  -4.28590151474127e-20
   2.79279279279279e+00   8.56856671871154e-20
   2.81281281281281e+00   4.28271752766184e-20
   2.83283283283283e+00  -4.28120217153064e-20
   2.85285285285285e+00   4.27973564387676e-20
   2.87287287287287e+00  -4.27831626145027e-20
   2.89289289289289e+00  -2.13847126761479e-20
   2.91291291291291e+00   4.27561291756010e-20
   2.93293293293293e+00   2.13716302123543e-20
   2.95295295295295e+00  -2.13654022392989e-20
   2.97297297297297e+00   2.38388534118713e-29
   2.99299299299299e+00   1.06767695496303e-20
   3.01301301301301e+00   1.06739456231120e-20
   3.03303303303303e+00  -2.13424242596795e-20
   3.05305305305305e+00  -7.34133869893083e-30
   3.07307307307307e+00   2.13320095993245e-20
   3.09309309309309e+00   2.86720273068558e-30
   3.11311311311311e+00   2.53106031351771e-30
   3.13313313313313e+00   5.32940087687773e-21
   3.15315315315315e+00   1.96772636192871e-30
   3.17317317317317e+00  -5.32718753339194e-21
   3.19319319319319e+00   5.32613355760092e-21
   3.21321321321321e+00  -3.35220222181981e-31
   3.23323323323323e+00  -5.32412539196633e-21
   3.25325325325325e+00  -5.32316906838411e-21
   3.27327327327327e+00   5.32224321936734e-21
   3.29329329329329e+00  -9.94031590357430e-32
   3.31331331331331e+00   2.66023952695838e-21
   3.33333333333333e+00  -1.32990971766071e-21
   3.35335335335335e+00   1.32970635665867e-21
   3.37337337337337e+00   3.98852839722973e-21
   3.39339339339339e+00  -1.32931883728050e-21
   3.41341341341341e+00   2.65826854076635e-21
   3.43343343343343e+00   1.32895557069426e-21
   3.45345345345345e+00  -1.32878255020994e-21
   3.47347347347347e+00  -6.64307513517091e-22
   3.49349349349349e+00   1.59208565559945e-33
   3.51351351351351e+00   1.32829577442606e-21
   3.53353353353353e+00   6.00537516026794e-34
   3.55355355355355e+00  -2.60492111023194e-34
   3.57357357357357e+00  -6.63926953829768e-22
   3.59359359359359e+00  -1.95581637105283e-34
   3.61361361361361e+00   6.63791101980216e-22
   3.63363363363363e+00   0.00000000000000e+00
   3.65365365365365e+00  -3.31831865473802e-22
   3.67367367367367e+00   3.31801529011800e-22
   3.69369369369369e+00   1.65886077088301e-22
   3.71371371371371e+00   0.00000000000000e+00
   3.73373373373373e+00  -1.65858083898273e-22
   3.75375375375375e+00   2.48767123418143e-22
   3.77377377377377e+00  -8.29159182066373e-23
   3.79379379379379e+00   1.65819332857986e-22
   3.81381381381381e+00   8.29036126337149e-23
   3.83383383383383e+00   5.12062002204566e-37
   3.85385385385385e+00  -4.14460370016830e-23
   3.87387387387387e+00  -4.14432885866313e-23
   3.89389389389389e+00  -8.28812543225206e-23
   3.91391391391391e+00  -8.28760999232948e-23
   3.93393393393393e+00   2.07177771561733e-23
   3.95395395395395e+00  -1.00390643489069e-37
   3.97397397397397e+00  -4.14307973881503e-23
   3.99399399399399e+00  -2.07142655896866e-23
   4.01401401401401e+00  -7.77367107368108e-39
   4.03403403403403e+00   3.10681586395054e-23
   4.05405405405405e+00  -1.03555383980315e-23
   4.07407407407407e+00  -7.17166888101253e-39
   4.09409409409409e+00  -1.03545577209964e-23
   4.11411411411411e+00  -1.03540905105091e-23
   4.13413413413413e+00  -5.17681903437945e-24
   4.15415415415415e+00  -3.09115309322243e-40
   4.17417417417417e+00  -5.17638781704041e-24
   4.19419419419419e+00  -2.58809118731432e-24
   4.21421421421421e+00  -2.58799171210885e-24
   4.23423423423423e+00   5.17579076018469e-24
   4.25425425425425e+00  -2.58780209172445e-24
   4.27427427427427e+00  -2.58771175063096e-24
   4.29429429429429e+00  -3.88143639525339e-24
   4.31431431431431e+00   1.29376976999752e-24
   4.33433433433433e+00  -1.29372874631861e-24
   4.35435435435435e+00   1.29368901836804e-24
   4.37437437437437e+00   1.29365054514460e-24
   4.39439439439439e+00  -6.46806643474598e-25
   4.41441441441441e+00  -5.18864774211946e-43
   4.43443443443443e+00   4.34603943886035e-43
   4.45445445445445e+00   1.81867774268572e-43
   4.47447447447447e+00   7.60449582875813e-44
   4.49449449449449e+00   3.23360979484448e-25
   4.51451451451451e+00  -3.23353296016938e-25
   4.53453453453453e+00  -4.42608474467450e-44
   4.55455455455455e+00   1.61669324554375e-25
   4.57457457457457e+00   0.00000000000000e+00
   4.59459459459459e+00  -1.61662456160846e-25
   4.61461461461461e+00  -1.61659183694180e-25
   4.63463463463463e+00   8.08280072582395e-26
   4.65465465465465e+00  -8.08264726818871e-26
   4.67467467467467e+00  -4.04124932688692e-26
   4.69469469469469e+00   4.04117736477728e-26
   4.71471471471471e+00   4.04110767367579e-26
   4.73473473473473e+00  -4.04104018183846e-26
   4.75475475475475e+00  -4.04097481979244e-26
   4.77477477477477e+00   3.69255462995512e-47
   4.79479479479479e+00  -1.52433467205854e-47
   4.81481481481481e+00   2.02039542512032e-26
   4.83483483483483e+00   2.02036667778761e-26
   4.85485485485485e+00  -2.13444108889720e-48
   4.87487487487487e+00  -2.02031187555046e-26
   4.89489489489489e+00  -1.01014288213414e-26
   4.91491491491491e+00   0.00000000000000e+00
   4.93493493493493e+00  -1.01011799352767e-26
   4.95495495495495e+00  -5.05053067482061e-27
   4.97497497497497e+00   7.57570987875419e-27
   4.99499499499499e+00  -5.05041764163605e-27
   5.01501501501502e+00   0.00000000000000e+00
   5.03503503503504e+00  -1.12239514770615e-50
   5.05505505505506e+00   1.26256527872491e-27
   5.07507507507508e+00   1.26255304895111e-27
   5.09509509509510e+00  -1.26254120493993e-27
   5.11511511511512e+00  -6.31264867258199e-28
   5.13513513513514e+00   1.26251862589022e-27
   5.15515515515516e+00   1.26250786764360e-27
   5.17517517517518e+00   6.31248724359728e-28
   5.19519519519520e+00   6.31243679204993e-28
   5.21521521521522e+00   0.00000000000000e+00
   5.23523523523524e+00   3.15617030621079e-28
   5.25525525525526e+00   3.15614739275299e-28
   5.27527527527528e+00  -3.15612520194625e-28
   5.29529529529530e+00   3.15610371098973e-28
   5.31531531531532e+00   1.57804144890129e-28
   5.33533533533534e+00   7.89015685250290e-29
   5.35535535535536e+00   1.57802160993853e-28
   5.37537537537538e+00   7.89006078593916e-29
   5.39539539539540e+00  -1.18350225190332e-28
   5.41541541541542e+00  -3.94498534146041e-29
   5.43543543543544e+00  -3.94496387554939e-29
   5.45545545545546e+00   0.00000000000000e+00
   5.47547547547548e+00   1.97246147657222e-29
   5.49549549549550e+00  -1.97245172730880e-29
   5.51551551551552e+00  -9.86221142738662e-30
   5.53553553553554e+00   1.97243314138047e-29
   5.55555555555556e+00   9.86212142813482e-30
   5.57557557557558e+00  -9.86207854560968e-30
   5.59559559559560e+00   4.93101850764382e-30
   5.61561561561562e+00  -9.86199679451917e-30
   5.63563563563564e+00   0.00000000000000e+00
   5.65565565565566e+00  -2.46548002943295e-30
   5.67567567567568e+00   4.93094179148726e-30
   5.69569569569570e+00  -1.23273102502663e-30
   5.71571571571572e+00   1.23272674163942e-30
   5.73573573573574e+00   2.46544518662395e-30
   5.75575575575576e+00  -1.23271857578484e-30
   5.77577577577578e+00   6.16357342466481e-31
   5.79579579579580e+00   6.16355458380713e-31
   5.81581581581582e+00   6.16353633700675e-31
   5.83583583583584e+00   6.16351866552953e-31
   5.85585585585586e+00  -3.08175077561616e-31
   5.87587587587588e+00  -3.08174248827219e-31
   5.89589589589590e+00  -6.84564177511175e-63
   5.91591591591592e+00  -1.54086334461674e-31
   5.93593593593594e+00   3.08171916131895e-31
   5.95595595595596e+00   1.54085593537639e-31
   5.97597597597598e+00  -7.70426202512627e-32
   5.99599599599600e+00  -2.60218769752920e-64
   6.01601601601602e+00  -7.70422837368204e-32
   6.03603603603604e+00   7.70421233944828e-32
   6.05605605605606e+00   0.00000000000000e+00
   6.07607607607608e+00  -3.85209088582088e-32
   6.09609609609610e+00  -1.92604180167263e-32
   6.11611611611612e+00  -9.63019137617965e-33
   6.13613613613614e+00   2.88905228997072e-32
   6.15615615615616e+00  -9.63015776200299e-33
   6.17617617617618e+00   4.81507087275287e-33
   6.19619619619620e+00   4.81506311698519e-33
   6.21621621621622e+00   4.81505560573757e-33
   6.23623623623624e+00  -2.40752416565008e-33
   6.25625625625626e+00  -2.40752064310314e-33
   6.27627627627628e+00   4.81503446322469e-33
   6.29629629629630e+00   2.40751392767611e-33
   6.31631631631632e+00   0.00000000000000e+00
   6.33633633633634e+00   0.00000000000000e+00
   6.35635635635636e+00   0.00000000000000e+00
   6.37637637637638e+00  -1.20375086061864e-33
   6.39639639639640e+00   0.00000000000000e+00
   6.41641641641642e+00   3.00937022512339e-34
   6.43643643643644e+00   3.00936692481251e-34
   6.45645645645646e+00   3.00936372854897e-34
   6.47647647647648e+00   3.00936063305233e-34
   6.49649649649650e+00  -1.50467881757278e-34
   6.51651651651652e+00  -1.50467736587591e-34
   6.53653653653654e+00  -1.50467595994564e-34
   6.55655655655656e+00  -1.50467459833904e-34
   6.57657657657658e+00  -3.76168319914670e-35
   6.59659659659660e+00   3.76168000637795e-35
   6.61661661661662e+00  -1.88083845713231e-35
   6.63663663663664e+00  -1.88083695981664e-35
   6.65665665665666e+00  -1.88083550970528e-35
   6.67667667667668e+00   1.88083410531000e-35
   6.69669669669670e+00   0.00000000000000e+00
   6.71671671671672e+00  -4.70207856986975e-36
   6.73673673673674e+00   4.70207538058343e-36
   6.75675675675676e+00   9.40414458368339e-36
   6.77677677677678e+00   0.00000000000000e+00
   6.79679679679680e+00   2.35103320170624e-36
   6.81681681681682e+00   2.35103179884097e-36
   6.83683683683684e+00   3.52654566030276e-36
   6.85685685685686e+00   2.35102912439455e-36
   6.87687687687688e+00   0.00000000000000e+00
   6.89689689689690e+00  -5.87756653979166e-37
   6.91691691691692e+00   5.87756355167944e-37
   6.93693693693694e+00  -5.87756065776869e-37
   6.95695695695696e+00  -2.93877892754478e-37
   6.97697697697698e+00   0.00000000000000e+00
   6.99699699699700e+00  -1.46938812800303e-37
   7.01701701701702e+00   1.46938749153265e-37
   7.03703703703704e+00   7.34693437563583e-38
   7.05705705705706e+00   1.46938627815401e-37
   7.07707707707708e+00  -7.34692850000284e-38
   7.09709709709710e+00   7.34692570036761e-38
   7.11711711711712e+00   3.67346149449567e-38
   7.13713713713714e+00   1.83673009077290e-38
   7.15715715715716e+00  -1.83672945499342e-38
   7.17717717717718e+00   1.83672883925695e-38
   7.19719719719720e+00   0.00000000000000e+00
   7.21721721721722e+00  -9.18363832702740e-39
   7.23723723723724e+00  -4.59181776521469e-39
   7.25725725725726e+00   4.59181641099709e-39
   7.27727727727728e+00  -2.29590754973560e-39
   7.29729729729730e+00   4.59181382929115e-39
   7.31731731731732e+00   2.29590629957674e-39
   7.33733733733734e+00   1.14795285194896e-39
   7.35735735735736e+00  -1.14795256349892e-39
   7.37737737737738e+00   1.14795228414224e-39
   7.39739739739740e+00  -1.14795201359226e-39
   7.41741741741742e+00  -5.73975875785667e-40
   7.43743743743744e+00  -2.86987874452646e-40
   7.45745745745746e+00   4.30481719518603e-40
   7.47747747747748e+00   0.00000000000000e+00
   7.49749749749750e+00   1.43493847940768e-40
   7.51751751751752e+00  -1.43493820035359e-40
   7.53753753753754e+00   7.17468965048309e-41
   7.55755755755756e+00  -1.07620325126959e-40
   7.57757757757758e+00  -1.07620306115511e-40
   7.59759759759760e+00  -1.79367146172327e-41
   7.61761761761762e+00  -1.79367116452864e-41
   7.63763763763764e+00  -1.79367087670299e-41
   7.65765765765766e+00  -8.96835298975491e-42
   7.67767767767768e+00   8.96835163993277e-42
   7.69769769769770e+00  -4.48417516633170e-42
   7.71771771771772e+00   4.48417453330267e-42
   7.73773773773774e+00  -4.48417392022969e-42
   7.75775775775776e+00   4.48417332648366e-42
   7.77777777777778e+00   2.24208637572764e-42
   7.79779779779780e+00   0.00000000000000e+00
   7.81781781781782e+00   1.12104291380246e-42
   7.83783783783784e+00  -1.12104278321696e-42
   7.85785785785786e+00   5.60521328374060e-43
   7.87787787787788e+00   2.80260633566543e-43
   7.89789789789790e+00  -2.80260603911355e-43
   7.91791791791792e+00   2.80260575191037e-43
   7.93793793793794e+00  -1.40130273688058e-43
   7.95795795795796e+00   1.40130260219025e-43
   7.97797797797798e+00  -7.00651235872993e-44
   7.99799799799800e+00   0.00000000000000e+00
   8.01801801801802e+00   0.00000000000000e+00
   8.03803803803804e+00   0.00000000000000e+00
   8.05805805805806e+00  -3.50325497453729e-44
   8.07807807807808e+00  -1.75162734834443e-44
   8.09809809809810e+00  -8.75813606899870e-45
   8.11811811811812e+00   8.75813541748259e-45
   8.13813813813814e+00   4.37906739325262e-45
   8.15815815815816e+00   0.00000000000000e+00
   8.17817817817818e+00  -2.18953339589935e-45
   8.19819819819820e+00   2.18953325260812e-45
   8.21821821821822e+00  -1.09476655691705e-45
   8.23823823823824e+00  -1.09476648971743e-45
   8.25825825825826e+00   0.00000000000000e+00
   8.27827827827828e+00   1.64214954241008e-45
   8.29829829829830e+00   2.73691575141043e-46
   8.31831831831832e+00   2.73691560361491e-46
   8.33833833833834e+00  -2.73691546047857e-46
   8.35835835835836e+00  -1.36845766092727e-46
   8.37837837837838e+00  -1.36845759380028e-46
   8.39839839839840e+00   1.36845752878944e-46
   8.41841841841842e+00   6.84228732914020e-47
   8.43843843843844e+00   3.42114351212866e-47
   8.45845845845846e+00   0.00000000000000e+00
   8.47847847847848e+00  -1.71057161075561e-47
   8.49849849849850e+00   0.00000000000000e+00
   8.51851851851852e+00   0.00000000000000e+00
   8.53853853853854e+00   0.00000000000000e+00
   8.55855855855856e+00  -8.55285673315059e-48
   8.57857857857858e+00   8.55285642859719e-48
   8.59859859859860e+00   4.27642806682234e-48
   8.61861861861862e+00  -2.13821396199760e-48
   8.63863863863864e+00  -1.06910694641766e-48
   8.65865865865866e+00   2.13821382585333e-48
   8.67867867867868e+00  -5.34553440245729e-49
   8.69869869869870e+00  -1.06910684907876e-48
   8.71871871871872e+00   5.34553409328163e-49
   8.73873873873874e+00  -2.67276697298236e-49
   8.75875875875876e+00   0.00000000000000e+00
   8.77877877877878e+00   0.00000000000000e+00
   8.79879879879880e+00  -6.68191691412196e-50
   8.81881881881882e+00  -6.68191675212116e-50
   8.83883883883884e+00  -3.34095829761368e-50
   8.85885885885886e+00   3.34095822163977e-50
   8.87887887887888e+00  -1.67047907403045e-50
   8.89889889889890e+00   1.67047903840079e-50
   8.91891891891892e+00   8.35239501947163e-51
   8.93893893893894e+00   0.00000000000000e+00
   8.95895895895896e+00  -4.17619734527628e-51
   8.97897897897898e+00   4.17619726691413e-51
   8.99899899899900e+00  -2.08809859551115e-51
   9.01901901901902e+00  -2.08809855876146e-51
   9.03903903903904e+00   2.08809852317029e-51
   9.05905905905906e+00  -1.04404924435055e-51
   9.07907907907908e+00   1.04404922765928e-51
   9.09909909909910e+00  -5.22024605747090e-52
   9.11911911911912e+00   2.61012298959671e-52
   9.13913913913914e+00   2.61012295169179e-52
   9.15915915915916e+00   1.30506145749090e-52
   9.17917917917918e+00   6.52530719857269e-53
   9.19919919919920e+00  -6.52530711249283e-53
   9.21921921921922e+00   0.00000000000000e+00
   9.23923923923924e+00   0.00000000000000e+00
   9.25925925925926e+00   1.63132671754888e-53
   9.27927927927928e+00   0.00000000000000e+00
   9.29929929929930e+00  -8.15663340140862e-54
   9.31931931931932e+00   0.00000000000000e+00
   9.33933933933934e+00  -4.07831661331798e-54
   9.35935935935936e+00  -4.07831657167989e-54
   9.37937937937938e+00   4.07831653135442e-54
   9.39939939939940e+00  -2.03915824615009e-54
   9.41941941941942e+00   0.00000000000000e+00
   9.43943943943944e+00   5.09789552230800e-55
   9.45945945945946e+00   5.09789547796305e-55
   9.47947947947948e+00   5.09789543501606e-55
   9.49949949949950e+00   0.00000000000000e+00
   9.51951951951952e+00   1.27447383828526e-55
   9.53953953953954e+00  -1.27447382853225e-55
   9.55955955955956e+00   1.27447381908669e-55
   9.57957957957958e+00  -6.37236904969453e-56
   9.59959959959960e+00  -6.37236900539749e-56
   9.61961961961962e+00  -3.18618448124845e-56
   9.63963963963964e+00   3.18618446047435e-56
   9.65965965965966e+00   7.96546110088789e-57
   9.67967967967968e+00   0.00000000000000e+00
   9.69969969969970e+00   3.98273050249938e-57
   9.71971971971972e+00  -3.98273047965461e-57
   9.73973973973974e+00   0.00000000000000e+00
   9.75975975975976e+00   1.99136521805144e-57
   9.77977977977978e+00  -9.95682603837808e-58
   9.79979979979980e+00  -9.95682598813441e-58
   9.81981981981982e+00   0.00000000000000e+00
   9.83983983983984e+00   4.97841294617442e-58
   9.85985985985986e+00   0.00000000000000e+00
   9.87987987987988e+00   0.00000000000000e+00
   9.89989989989990e+00  -1.24460321996241e-58
   9.91991991991992e+00  -1.24460321478010e-58
   9.93993993993994e+00   0.00000000000000e+00
   9.95995995995996e+00   0.00000000000000e+00
   9.97997997997998e+00   1.55575400024119e-59
   1.00000000000000e+01   1.55575399454233e-59
