  -1.00000000000000e+01   0.00000000000000e+00
  -9.97997997997998e+00   0.00000000000000e+00
  -9.95995995995996e+00   0.00000000000000e+00
  -9.93993993993994e+00   0.00000000000000e+00
  -9.91991991991992e+00   0.00000000000000e+00
  -9.89989989989990e+00   2.76357430264976e-74
  -9.87987987987988e+00   0.00000000000000e+00
  -9.85985985985986e+00   0.00000000000000e+00
  -9.83983983983984e+00   0.00000000000000e+00
  -9.81981981981982e+00   0.00000000000000e+00
  -9.79979979979980e+00   1.10542974642129e-73
  -9.77977977977978e+00   0.00000000000000e+00
  -9.75975975975976e+00   2.21085951551841e-73
  -9.73973973973974e+00   0.00000000000000e+00
  -9.71971971971972e+00  -4.42171907938894e-73
  -9.69969969969970e+00   0.00000000000000e+00
  -9.67967967967968e+00   0.00000000000000e+00
  -9.65965965965966e+00   1.76868766319236e-72
  -9.63963963963964e+00   0.00000000000000e+00
  -9.61961961961962e+00   0.00000000000000e+00
  -9.59959959959960e+00   3.53737539560000e-72
  -9.57957957957958e+00   0.00000000000000e+00
  -9.55955955955956e+00   0.00000000000000e+00
  -9.53953953953954e+00   0.00000000000000e+00
  -9.51951951951952e+00   0.00000000000000e+00
  -9.49949949949950e+00   0.00000000000000e+00
  -9.47947947947948e+00   0.00000000000000e+00
  -9.45945945945946e+00   0.00000000000000e+00
  -9.43943943943944e+00   0.00000000000000e+00
  -9.41941941941942e+00   0.00000000000000e+00
  -9.39939939939940e+00   2.26392043573008e-70
  -9.37937937937938e+00   0.00000000000000e+00
  -9.35935935935936e+00   4.52784095958934e-70
  -9.33933933933934e+00   0.00000000000000e+00
  -9.31931931931932e+00   0.00000000000000e+00
  -9.29929929929930e+00   0.00000000000000e+00
  -9.27927927927928e+00   0.00000000000000e+00
  -9.25925925925926e+00   0.00000000000000e+00
  -9.23923923923924e+00   0.00000000000000e+00
  -9.21921921921922e+00   7.24454610648472e-69
  -9.19919919919920e+00   0.00000000000000e+00
  -9.17917917917918e+00   0.00000000000000e+00
  -9.15915915915916e+00   0.00000000000000e+00
  -9.13913913913914e+00   0.00000000000000e+00
  -9.11911911911912e+00   0.00000000000000e+00
  -9.09909909909910e+00   5.79563736721290e-68
  -9.07907907907908e+00   0.00000000000000e+00
  -9.05905905905906e+00   1.15912750992048e-67
  -9.03903903903904e+00   0.00000000000000e+00
  -9.01901901901902e+00  -2.31825509762358e-67
  -8.99899899899900e+00  -2.31825513842393e-67
  -8.97897897897898e+00   0.00000000000000e+00
  -8.95895895895896e+00   4.63651044810418e-67
  -8.93893893893894e+00   0.00000000000000e+00
  -8.91891891891892e+00   0.00000000000000e+00
  -8.89889889889890e+00   0.00000000000000e+00
  -8.87887887887888e+00   0.00000000000000e+00
  -8.85885885885886e+00   0.00000000000000e+00
  -8.83883883883884e+00   3.70920882632317e-66
  -8.81881881881882e+00   0.00000000000000e+00
  -8.79879879879880e+00  -7.41841800669048e-66
  -8.77877877877878e+00   0.00000000000000e+00
  -8.75875875875876e+00   0.00000000000000e+00
  -8.73873873873874e+00   0.00000000000000e+00
  -8.71871871871872e+00   0.00000000000000e+00
  -8.69869869869870e+00  -5.93473519815844e-65
  -8.67867867867868e+00   0.00000000000000e+00
  -8.65865865865866e+00   1.18694711051710e-64
  -8.63863863863864e+00   0.00000000000000e+00
  -8.61861861861862e+00   0.00000000000000e+00
  -8.59859859859860e+00   0.00000000000000e+00
  -8.57857857857858e+00   4.74778906667094e-64
  -8.55855855855856e+00   4.74778923573204e-64
  -8.53853853853854e+00   0.00000000000000e+00
  -8.51851851851852e+00   0.00000000000000e+00
  -8.49849849849850e+00  -1.89911591066239e-63
  -8.47847847847848e+00   0.00000000000000e+00
  -8.45845845845846e+00   0.00000000000000e+00
  -8.43843843843844e+00   0.00000000000000e+00
  -8.41841841841842e+00   7.59646493391242e-63
  -8.39839839839840e+00   0.00000000000000e+00
  -8.37837837837838e+00   0.00000000000000e+00
  -8.35835835835836e+00  -1.51929320338614e-62
  -8.33833833833834e+00   0.00000000000000e+00
  -8.31831831831832e+00   0.00000000000000e+00
  -8.29829829829830e+00   6.07717376735024e-62
  -8.27827827827828e+00   0.00000000000000e+00
  -8.25825825825826e+00   0.00000000000000e+00
  -8.23823823823824e+00  -1.21543496347235e-61
  -8.21821821821822e+00   0.00000000000000e+00
  -8.19819819819820e+00   0.00000000000000e+00
  -8.17817817817818e+00   4.86174077862632e-61
  -8.15815815815816e+00   0.00000000000000e+00
  -8.13813813813814e+00   0.00000000000000e+00
  -8.11811811811812e+00  -9.72348359327423e-61
  -8.09809809809810e+00   0.00000000000000e+00
  -8.07807807807808e+00   0.00000000000000e+00
  -8.05805805805806e+00   1.94469716693196e-60
  -8.03803803803804e+00   0.00000000000000e+00
  -8.01801801801802e+00  -3.88939498126138e-60
  -7.99799799799800e+00   0.00000000000000e+00
  -7.97797797797798e+00   7.77879134298268e-60
  -7.95795795795796e+00   1.55575841341876e-59
  -7.93793793793794e+00   1.55575856295507e-59
  -7.91791791791792e+00   3.11151743471779e-59
  -7.89789789789790e+00   0.00000000000000e+00
  -7.87787787787788e+00   3.11151808281610e-59
  -7.85785785785786e+00   0.00000000000000e+00
  -7.83783783783784e+00   0.00000000000000e+00
  -7.81781781781782e+00  -1.24460765449636e-58
  -7.79779779779780e+00  -1.24460780419458e-58
  -7.77777777777778e+00   0.00000000000000e+00
  -7.75775775775776e+00   0.00000000000000e+00
  -7.73773773773774e+00   4.97843313266265e-58
  -7.71771771771772e+00   0.00000000000000e+00
  -7.69769769769770e+00   9.95686903222759e-58
  -7.67767767767768e+00   0.00000000000000e+00
  -7.65765765765766e+00   0.00000000000000e+00
  -7.63763763763764e+00   1.99137470591525e-57
  -7.61761761761762e+00   0.00000000000000e+00
  -7.59759759759760e+00  -3.98275071083646e-57
  -7.57757757757758e+00  -3.98275139222161e-57
  -7.55755755755756e+00   0.00000000000000e+00
  -7.53753753753754e+00   7.96550564450615e-57
  -7.51751751751752e+00   0.00000000000000e+00
  -7.49749749749750e+00   0.00000000000000e+00
  -7.47747747747748e+00   0.00000000000000e+00
  -7.45745745745746e+00  -3.18620477793188e-56
  -7.43743743743744e+00   0.00000000000000e+00
  -7.41741741741742e+00   6.37241232876636e-56
  -7.39739739739740e+00  -6.37241378327468e-56
  -7.37737737737738e+00   6.37241528512879e-56
  -7.35735735735736e+00   1.27448336717397e-55
  -7.33733733733734e+00   0.00000000000000e+00
  -7.31731731731732e+00  -2.54896803617204e-55
  -7.29729729729730e+00  -2.54896871903562e-55
  -7.27727727727728e+00   5.09793884825438e-55
  -7.25725725725726e+00   0.00000000000000e+00
  -7.23723723723724e+00   0.00000000000000e+00
  -7.21721721721722e+00   0.00000000000000e+00
  -7.19719719719720e+00   0.00000000000000e+00
  -7.17717717717718e+00   2.03917864733610e-54
  -7.15715715715716e+00   0.00000000000000e+00
  -7.13713713713714e+00   0.00000000000000e+00
  -7.11711711711712e+00   4.07836153126303e-54
  -7.09709709709710e+00   4.07836303637921e-54
  -7.07707707707708e+00   0.00000000000000e+00
  -7.05705705705706e+00   0.00000000000000e+00
  -7.03703703703704e+00   8.15673570424094e-54
  -7.01701701701702e+00   0.00000000000000e+00
  -6.99699699699700e+00   0.00000000000000e+00
  -6.97697697697698e+00   3.26269852289112e-53
  -6.95695695695696e+00   0.00000000000000e+00
  -6.93693693693694e+00   3.26270158544289e-53
  -6.91691691691692e+00   0.00000000000000e+00
  -6.89689689689690e+00   6.52540970124312e-53
  -6.87687687687688e+00   0.00000000000000e+00
  -6.85685685685686e+00   0.00000000000000e+00
  -6.83683683683684e+00   2.61016812630670e-52
  -6.81681681681682e+00   0.00000000000000e+00
  -6.79679679679680e+00   2.61017119219247e-52
  -6.77677677677678e+00   0.00000000000000e+00
  -6.75675675675676e+00   0.00000000000000e+00
  -6.73673673673674e+00   5.22035235104682e-52
  -6.71671671671672e+00   1.04407117837318e-51
  -6.69669669669670e+00   0.00000000000000e+00
  -6.67667667667668e+00   0.00000000000000e+00
  -6.65665665665666e+00   0.00000000000000e+00
  -6.63663663663664e+00   0.00000000000000e+00
  -6.61661661661662e+00  -4.17630032141749e-51
  -6.59659659659660e+00   4.17630375435291e-51
  -6.57657657657658e+00   8.35261459807657e-51
  -6.55655655655656e+00   0.00000000000000e+00
  -6.53653653653654e+00   8.35262947665807e-51
  -6.51651651651652e+00   0.00000000000000e+00
  -6.49649649649650e+00   0.00000000000000e+00
  -6.47647647647648e+00   0.00000000000000e+00
  -6.45645645645646e+00   3.34106490090688e-50
  -6.43643643643644e+00   0.00000000000000e+00
  -6.41641641641642e+00   3.34107211355338e-50
  -6.39639639639640e+00   0.00000000000000e+00
  -6.37637637637638e+00   0.00000000000000e+00
  -6.35635635635636e+00   0.00000000000000e+00
  -6.33633633633634e+00  -1.33643520084356e-49
  -6.31631631631632e+00   1.33643692107513e-49
  -6.29629629629630e+00   0.00000000000000e+00
  -6.27627627627628e+00   0.00000000000000e+00
  -6.25625625625626e+00   5.34576970046694e-49
  -6.23623623623624e+00   0.00000000000000e+00
  -6.21621621621622e+00   0.00000000000000e+00
  -6.19619619619620e+00   1.06915878750007e-48
  -6.17617617617618e+00   1.06916050962644e-48
  -6.15615615615616e+00   0.00000000000000e+00
  -6.13613613613614e+00   0.00000000000000e+00
  -6.11611611611612e+00   0.00000000000000e+00
  -6.09609609609610e+00  -2.13833595460748e-48
  -6.07607607607608e+00   0.00000000000000e+00
  -6.05605605605606e+00  -4.27668834276829e-48
  -6.03603603603604e+00   0.00000000000000e+00
  -6.01601601601602e+00   0.00000000000000e+00
  -5.99599599599600e+00   8.93577984815692e-32
  -5.97597597597598e+00   1.13180686186344e-31
  -5.95595595595596e+00   1.43238318164176e-31
  -5.93593593593594e+00   1.81131131525840e-31
  -5.91591591591592e+00   2.28865840828272e-31
  -5.89589589589590e+00   2.88936052998489e-31
  -5.87587587587588e+00   3.64482280331890e-31
  -5.85585585585586e+00   4.59415600920417e-31
  -5.83583583583584e+00   5.78583912617891e-31
  -5.81581581581582e+00   7.28084085150527e-31
  -5.79579579579580e+00   9.15486840915045e-31
  -5.77577577577578e+00   1.15014387427068e-30
  -5.75575575575576e+00   1.44380170563694e-30
  -5.73573573573574e+00   1.81100304983821e-30
  -5.71571571571572e+00   2.26964672262252e-30
  -5.69569569569570e+00   2.84219273766442e-30
  -5.67567567567568e+00   3.55636268977262e-30
  -5.65565565565566e+00   4.44614561857627e-30
  -5.63563563563564e+00   5.55416151173281e-30
  -5.61561561561562e+00   6.93284920700706e-30
  -5.59559559559560e+00   8.64624329654534e-30
  -5.57557557557558e+00   1.07746085878155e-29
  -5.55555555555556e+00   1.34159640803453e-29
  -5.53553553553554e+00   1.66912386625238e-29
  -5.51551551551552e+00   2.07492070446733e-29
  -5.49549549549550e+00   2.57727439807701e-29
  -5.47547547547548e+00   3.19864463746966e-29
  -5.45545545545546e+00   3.96659140409891e-29
  -5.43543543543544e+00   4.91490398253626e-29
  -5.41541541541542e+00   6.08497316726232e-29
  -5.39539539539540e+00   7.52745753541570e-29
  -5.37537537537538e+00   9.30430496524048e-29
  -5.35535535535536e+00   1.14918823560260e-28
  -5.33533533533534e+00   1.41805456304332e-28
  -5.31531531531532e+00   1.74850242663883e-28
  -5.29529529529530e+00   2.15430060095099e-28
  -5.27527527527528e+00   2.65185766518945e-28
  -5.25525525525526e+00   3.26182604446061e-28
  -5.23523523523524e+00   4.00882461810312e-28
  -5.21521521521522e+00   4.92287657564735e-28
  -5.19519519519520e+00   6.04041007272820e-28
  -5.17517517517518e+00   7.40558614319185e-28
  -5.15515515515516e+00   9.07189356814151e-28
  -5.13513513513514e+00   1.11040626021525e-27
  -5.11511511511512e+00   1.35803591829394e-27
  -5.09509509509510e+00   1.65964791100834e-27
  -5.07507507507508e+00   2.02631041364134e-27
  -5.05505505505506e+00   2.47212965804577e-27
  -5.03503503503504e+00   3.01357303232642e-27
  -5.01501501501502e+00   3.67060249089657e-27
  -4.99499499499499e+00   4.46722778236384e-27
  -4.97497497497497e+00   5.43230190530941e-27
  -4.95495495495495e+00   6.60104914323058e-27
  -4.93493493493493e+00   8.01328281231965e-27
  -4.91491491491491e+00   9.72055672712962e-27
  -4.89489489489489e+00   1.17819360089754e-26
  -4.87487487487487e+00   1.42687845179404e-26
  -4.85485485485485e+00   1.72664098387071e-26
  -4.83483483483483e+00   2.08766977218402e-26
  -4.81481481481481e+00   2.52241076756185e-26
  -4.79479479479479e+00   3.04449438114866e-26
  -4.77477477477477e+00   3.67205081539610e-26
  -4.75475475475475e+00   4.42534016547749e-26
  -4.73473473473473e+00   5.32879546786316e-26
  -4.71471471471471e+00   6.41144322345428e-26
  -4.69469469469469e+00   7.70773633869479e-26
  -4.67467467467467e+00   9.25853220107790e-26
  -4.65465465465465e+00   1.11122400743409e-25
  -4.63463463463463e+00   1.33261658293046e-25
  -4.61461461461461e+00   1.59680864288243e-25
  -4.59459459459459e+00   1.91213572616030e-25
  -4.57457457457457e+00   2.28707362350210e-25
  -4.55455455455455e+00   2.73375526015205e-25
  -4.53453453453453e+00   3.26499812289642e-25
  -4.51451451451451e+00   3.89733924158257e-25
  -4.49449449449449e+00   4.64580252176304e-25
  -4.47447447447447e+00   5.53496810802621e-25
  -4.45445445445445e+00   6.58890222011976e-25
  -4.43443443443443e+00   7.83952041433855e-25
  -4.41441441441441e+00   9.31406719368168e-25
  -4.39439439439439e+00   1.10603176054176e-24
  -4.37437437437437e+00   1.31231812333178e-24
  -4.35435435435435e+00   1.55580041727499e-24
  -4.33433433433433e+00   1.84294256562554e-24
  -4.31431431431431e+00   2.18128698932949e-24
  -4.29429429429429e+00   2.57962654886172e-24
  -4.27427427427427e+00   3.04946688899282e-24
  -4.25425425425425e+00   3.59893228657726e-24
  -4.23423423423423e+00   4.24567103491551e-24
  -4.21421421421421e+00   5.00451206692703e-24
  -4.19419419419419e+00   5.89698750070539e-24
  -4.17417417417417e+00   6.93618151685217e-24
  -4.15415415415415e+00   8.15574447500468e-24
  -4.13413413413413e+00   9.58184648140801e-24
  -4.11411411411411e+00   1.12526310044231e-23
  -4.09409409409409e+00   1.31931168991377e-23
  -4.07407407407407e+00   1.54617932153623e-23
  -4.05405405405405e+00   1.81056632967693e-23
  -4.03403403403403e+00   2.11943240985018e-23
  -4.01401401401401e+00   2.47656464037919e-23
  -3.99399399399399e+00   2.89287825712495e-23
  -3.97397397397397e+00   3.37638883854673e-23
  -3.95395395395395e+00   3.93746296604219e-23
  -3.93393393393393e+00   4.58798673180471e-23
  -3.91391391391391e+00   5.34157568787932e-23
  -3.89389389389389e+00   6.21381183664699e-23
  -3.87387387387387e+00   7.22251085542067e-23
  -3.85385385385385e+00   8.39357045888936e-23
  -3.83383383383383e+00   9.73357216812345e-23
  -3.81381381381381e+00   1.12856356550550e-22
  -3.79379379379379e+00   1.30743722570145e-22
  -3.77377377377377e+00   1.51341009794611e-22
  -3.75375375375375e+00   1.75038378038655e-22
  -3.73373373373373e+00   2.02278961641775e-22
  -3.71371371371371e+00   2.33565580396030e-22
  -3.69369369369369e+00   2.69468231146941e-22
  -3.67367367367367e+00   3.10923572917843e-22
  -3.65365365365365e+00   3.57788572716083e-22
  -3.63363363363363e+00   4.11762171945706e-22
  -3.61361361361361e+00   4.73485471315260e-22
  -3.59359359359359e+00   5.44010153525113e-22
  -3.57357357357357e+00   6.25218717008765e-22
  -3.55355355355355e+00   7.16354068536360e-22
  -3.53353353353353e+00   8.21009000541771e-22
  -3.51351351351351e+00   9.40173179742325e-22
  -3.49349349349349e+00   1.07574033669791e-21
  -3.47347347347347e+00   1.23214070803434e-21
  -3.45345345345345e+00   1.40483467953035e-21
  -3.43343343343343e+00   1.60340484762306e-21
  -3.41341341341341e+00   1.82852299038873e-21
  -3.39339339339339e+00   2.08351589501986e-21
  -3.37337337337337e+00   2.37749718122454e-21
  -3.35335335335335e+00   2.69840218350329e-21
  -3.33333333333333e+00   3.06704356737556e-21
  -3.31331331331331e+00   3.48314829044769e-21
  -3.29329329329329e+00   3.95241586982697e-21
  -3.27327327327327e+00   4.49009707468149e-21
  -3.25325325325325e+00   5.07644299904902e-21
  -3.23323323323323e+00   5.74599860467451e-21
  -3.21321321321321e+00   6.49844958925131e-21
  -3.19319319319319e+00   7.34331441997130e-21
  -3.17317317317317e+00   8.29110700241623e-21
  -3.15315315315315e+00   9.35342865241609e-21
  -3.13313313313313e+00   1.05430671335435e-20
  -3.11311311311311e+00   1.18741031413070e-20
  -3.09309309309309e+00   1.33620246174196e-20
  -3.07307307307307e+00   1.50238492773759e-20
  -3.05305305305305e+00   1.69294149070528e-20
  -3.03303303303303e+00   1.89457235747654e-20
  -3.01301301301301e+00   2.12486828071517e-20
  -2.99299299299299e+00   2.38116729411583e-20
  -2.97297297297297e+00   2.66615121255041e-20
  -2.95295295295295e+00   2.98274766002010e-20
  -2.93293293293293e+00   3.35178831255344e-20
  -2.91291291291291e+00   3.72383281302150e-20
  -2.89289289289289e+00   4.15558233179624e-20
  -2.87287287287287e+00   4.63350953640327e-20
  -2.85285285285285e+00   5.16207823628840e-20
  -2.83283283283283e+00   5.74612875673355e-20
  -2.81281281281281e+00   6.43372294229985e-20
  -2.79279279279279e+00   7.10207480008568e-20
  -2.77277277277277e+00   7.88577100820702e-20
  -2.75275275275275e+00   8.74860753189379e-20
  -2.73273273273273e+00   9.69771604807663e-20
  -2.71271271271271e+00   1.07407758947233e-19
  -2.69269269269269e+00   1.19591996735446e-19
  -2.67267267267267e+00   1.31423991363771e-19
  -2.65265265265265e+00   1.45193534377244e-19
  -2.63263263263263e+00   1.60271093918322e-19
  -2.61261261261261e+00   1.76765838967438e-19
  -2.59259259259259e+00   1.94794462422018e-19
  -2.57257257257257e+00   2.14481542179611e-19
  -2.55255255255255e+00   2.38590427397589e-19
  -2.53253253253253e+00   2.59370986736559e-19
  -2.51251251251251e+00   2.84865201182643e-19
  -2.49249249249249e+00   3.12602291946765e-19
  -2.47247247247247e+00   3.42751688661349e-19
  -2.45245245245245e+00   3.75492850993667e-19
  -2.43243243243243e+00   4.11015602575036e-19
  -2.41241241241241e+00   4.56151544630873e-19
  -2.39239239239239e+00   4.91218893788466e-19
  -2.37237237237237e+00   5.36333698673237e-19
  -2.35235235235235e+00   5.85099169126296e-19
  -2.33233233233233e+00   6.37761377483219e-19
  -2.31231231231231e+00   6.94578370593836e-19
  -2.29229229229229e+00   7.55820341432585e-19
  -2.27227227227227e+00   8.38225707426257e-19
  -2.25225225225225e+00   8.92721482133618e-19
  -2.23223223223223e+00   9.68982764461064e-19
  -2.21221221221221e+00   1.05087329425286e-18
  -2.19219219219219e+00   1.13872511714336e-18
  -2.17217217217217e+00   1.23288252625838e-18
  -2.15215215215215e+00   1.33370188599323e-18
  -2.13213213213213e+00   1.44155138951274e-18
  -2.11211211211211e+00   1.59994267506424e-18
  -2.09209209209209e+00   1.67987079278616e-18
  -2.07207207207207e+00   1.81113303104651e-18
  -2.05205205205205e+00   1.95100907702665e-18
  -2.03203203203203e+00   2.09992002953275e-18
  -2.01201201201201e+00   2.25829574776278e-18
  -1.99199199199199e+00   2.42657403723772e-18
  -1.97197197197197e+00   2.60519974088931e-18
  -1.95195195195195e+00   2.87356906818536e-18
  -1.93193193193193e+00   3.11381271510961e-18
  -1.91191191191191e+00   3.20769349737993e-18
  -1.89189189189189e+00   3.43226071391998e-18
  -1.87187187187187e+00   3.66946638317367e-18
  -1.85185185185185e+00   3.91977290368911e-18
  -1.83183183183183e+00   4.18364052962582e-18
  -1.81181181181181e+00   4.46152564533009e-18
  -1.79179179179179e+00   4.75387893731554e-18
  -1.77177177177177e+00   5.06114346527562e-18
  -1.75175175175175e+00   5.70055827199430e-18
  -1.73173173173173e+00   5.72212807154504e-18
  -1.71171171171171e+00   6.07667740971140e-18
  -1.69169169169169e+00   6.44779198350952e-18
  -1.67167167167167e+00   6.83584444213263e-18
  -1.65165165165165e+00   7.24118628467560e-18
  -1.63163163163163e+00   7.66414532472518e-18
  -1.61161161161161e+00   8.10502309170827e-18
  -1.59159159159159e+00   8.56409217751942e-18
  -1.57157157157157e+00   9.04159353802588e-18
  -1.55155155155155e+00   1.04114002613512e-17
  -1.53153153153153e+00   1.09810399042443e-17
  -1.51151151151151e+00   1.05865687538213e-17
  -1.49149149149149e+00   1.11394800298417e-17
  -1.47147147147147e+00   1.17114576845056e-17
  -1.45145145145145e+00   1.23024951939803e-17
  -1.43143143143143e+00   1.29125353307722e-17
  -1.41141141141141e+00   1.35414676186778e-17
  -1.39139139139139e+00   1.41891258986969e-17
  -1.37137137137137e+00   1.48552860340980e-17
  -1.35135135135135e+00   1.55396637857191e-17
  -1.33133133133133e+00   1.62419128916752e-17
  -1.31131131131131e+00   1.95490033249893e-17
  -1.29129129129129e+00   2.04340435501612e-17
  -1.27127127127127e+00   1.84514621518472e-17
  -1.25125125125125e+00   1.92204411075154e-17
  -1.23123123123123e+00   2.00045818741562e-17
  -1.21121121121121e+00   2.08031423308858e-17
  -1.19119119119119e+00   2.16153142020418e-17
  -1.17117117117117e+00   2.24402244153425e-17
  -1.15115115115115e+00   2.32769371270387e-17
  -1.13113113113113e+00   2.41244564810499e-17
  -1.11111111111111e+00   2.49817301708566e-17
  -1.09109109109109e+00   2.58476538739944e-17
  -1.07107107107107e+00   2.67210766292438e-17
  -1.05105105105105e+00   2.76008072259124e-17
  -1.03103103103103e+00   2.84856216728879e-17
  -1.01101101101101e+00   3.77994924096337e-17
  -9.90990990990991e-01   3.91323724657147e-17
  -9.70970970970971e-01   4.04922491202962e-17
  -9.50950950950951e-01   3.20506073859540e-17
  -9.30930930930931e-01   3.29420058782963e-17
  -9.10910910910911e-01   3.38310255772515e-17
  -8.90890890890891e-01   3.47165252500766e-17
  -8.70870870870871e-01   3.55974361867539e-17
  -8.50850850850851e-01   3.64727816150459e-17
  -8.30830830830831e-01   3.73416975542528e-17
  -8.10810810810811e-01   3.82034551001147e-17
  -7.90790790790791e-01   3.90574841270832e-17
  -7.70770770770770e-01   3.99033983895824e-17
  -7.50750750750750e-01   4.07410220011000e-17
  -7.30730730730730e-01   4.15704172690595e-17
  -7.10710710710710e-01   4.23919138641943e-17
  -6.90690690690690e-01   4.32061393049459e-17
  -6.70670670670670e-01   4.40140507390768e-17
  -6.50650650650650e-01   4.48169680043142e-17
  -6.30630630630630e-01   4.56166079445134e-17
  -6.10610610610610e-01   4.64151199433576e-17
  -5.90590590590590e-01   4.72151226080485e-17
  -5.70570570570570e-01   8.65238062855043e-17
  -5.50550550550550e-01   8.95584688912979e-17
  -5.30530530530530e-01   9.27643957903667e-17
  -5.10510510510510e-01   9.61587737653925e-17
  -4.90490490490490e-01   5.13667993864882e-17
  -4.70470470470470e-01   5.22618315026697e-17
  -4.50450450450450e-01   5.31930297769439e-17
  -4.30430430430430e-01   5.41681145304377e-17
  -4.10410410410410e-01   5.51955739827228e-17
  -3.90390390390390e-01   5.62846621999187e-17
  -3.70370370370370e-01   5.74453733937343e-17
  -3.50350350350350e-01   5.86883824205470e-17
  -3.30330330330330e-01   6.00249379182459e-17
  -3.10310310310310e-01   6.14666902641818e-17
  -2.90290290290290e-01   6.30254314029556e-17
  -2.70270270270270e-01   6.47127176789779e-17
  -2.50250250250250e-01   6.65393404769570e-17
  -2.30230230230230e-01   6.85146035309336e-17
  -2.10210210210210e-01   7.06453617258321e-17
  -1.90190190190190e-01   7.29347766469728e-17
  -1.70170170170170e-01   7.53807529999796e-17
  -1.50150150150150e-01   7.79740429410623e-17
  -1.30130130130130e-01   8.06960494194672e-17
  -1.10110110110110e-01   8.35164323258425e-17
  -9.00900900900901e-02   8.63907277326101e-17
  -7.00700700700700e-02   8.92583286541180e-17
  -5.00500500500500e-02   9.20413287469608e-17
  -3.00300300300300e-02   9.46448588954658e-17
  -1.00100100100100e-02   9.69595853142086e-17
   1.00100100100100e-02  -2.89653501851242e-16
   3.00300300300300e-02  -2.80273068354966e-16
   5.00500500500500e-02  -2.70066311836082e-16
   7.00700700700700e-02  -2.59382419446295e-16
   9.00900900900901e-02  -2.48522521177255e-16
   1.10110110110110e-01  -2.37732540225774e-16
   1.30130130130130e-01  -2.27202732591853e-16
   1.50150150150150e-01  -2.17071794099930e-16
   1.70170170170170e-01  -2.07433559107794e-16
   1.90190190190190e-01  -1.98344731733547e-16
   2.10210210210210e-01  -1.89832575495731e-16
   2.30230230230230e-01  -1.81901920733327e-16
   2.50250250250250e-01  -1.74541180886739e-16
   2.70270270270270e-01  -1.67727293564076e-16
   2.90290290290290e-01  -1.61429637400868e-16
   3.10310310310310e-01  -1.55613044923241e-16
   3.30330330330330e-01  -1.50240057305362e-16
   3.50350350350350e-01  -1.45272566652178e-16
   3.70370370370370e-01  -1.40672977596005e-16
   3.90390390390390e-01  -1.36405000510679e-16
   4.10410410410410e-01  -1.32434168190708e-16
   4.30430430430430e-01  -1.28728148877661e-16
   4.50450450450450e-01  -1.25256912121608e-16
   4.70470470470470e-01  -1.21992790420100e-16
   4.90490490490490e-01  -1.18910468736237e-16
   5.10510510510510e-01  -1.61644732400432e-16
   5.30530530530530e-01  -1.56307641783460e-16
   5.50550550550550e-01  -1.51260815995196e-16
   5.70570570570570e-01  -1.46475196185930e-16
   5.90590590590590e-01  -1.05494850534760e-16
   6.10610610610610e-01  -1.03092973880098e-16
   6.30630630630630e-01  -1.00753923403401e-16
   6.50650650650650e-01  -9.84676013869577e-17
   6.70670670670670e-01  -9.62252749035088e-17
   6.90690690690690e-01  -9.40194652455698e-17
   7.10710710710710e-01  -9.18438424999610e-17
   7.30730730730730e-01  -8.96931252995272e-17
   7.50750750750750e-01  -8.75629856837976e-17
   7.70770770770770e-01  -8.54499589506286e-17
   7.90790790790791e-01  -8.33513583631219e-17
   8.10810810810811e-01  -8.12651945770495e-17
   8.30830830830831e-01  -7.91900996643929e-17
   8.50850850850851e-01  -7.71252556221750e-17
   8.70870870870871e-01  -7.50703272685483e-17
   8.90890890890891e-01  -7.30253994377717e-17
   9.10910910910911e-01  -7.09909183911276e-17
   9.30930930930931e-01  -6.89676373617359e-17
   9.50950950950951e-01  -6.69565661478878e-17
   9.70970970970971e-01  -7.42931479034806e-17
   9.90990990990991e-01  -7.18429776646051e-17
   1.01101101101101e+00  -6.94348298652848e-17
   1.03103103103103e+00  -5.90610609724911e-17
   1.05105105105105e+00  -5.71321266309367e-17
   1.07107107107107e+00  -5.52245106487609e-17
   1.09109109109109e+00  -5.33399253890876e-17
   1.11111111111111e+00  -5.14800689027359e-17
   1.13113113113113e+00  -4.96466054805350e-17
   1.15115115115115e+00  -4.78411488474276e-17
   1.17117117117117e+00  -4.60652478154232e-17
   1.19119119119119e+00  -4.43203742121709e-17
   1.21121121121121e+00  -4.26079129036401e-17
   1.23123123123123e+00  -4.09291537329589e-17
   1.25125125125125e+00  -3.92852852026228e-17
   1.27127127127127e+00  -3.76773897338056e-17
   1.29129129129129e+00  -3.88421636768080e-17
   1.31131131131131e+00  -3.71606785296528e-17
   1.33133133133133e+00  -3.30787136576541e-17
   1.35135135135135e+00  -3.16233223955132e-17
   1.37137137137137e+00  -3.02076502912163e-17
   1.39139139139139e+00  -2.88321131550996e-17
   1.41141141141141e+00  -2.74970194818401e-17
   1.43143143143143e+00  -2.62025733707582e-17
   1.45145145145145e+00  -2.49488779224963e-17
   1.47147147147147e+00  -2.37359390343470e-17
   1.49149149149149e+00  -2.25636695241119e-17
   1.51151151151151e+00  -2.14318935194321e-17
   1.53153153153153e+00  -2.12687086531469e-17
   1.55155155155155e+00  -2.01623693353530e-17
   1.57157157157157e+00  -1.82765350885719e-17
   1.59159159159159e+00  -1.73033645301531e-17
   1.61161161161161e+00  -1.63686433257663e-17
   1.63163163163163e+00  -1.54717640818970e-17
   1.65165165165165e+00  -1.46120648051158e-17
   1.67167167167167e+00  -1.37888338136365e-17
   1.69169169169169e+00  -1.30013145776402e-17
   1.71171171171171e+00  -1.22487104685371e-17
   1.73173173173173e+00  -1.15301893996450e-17
   1.75175175175175e+00  -1.11616939804979e-17
   1.77177177177177e+00  -1.01919177077953e-17
   1.79179179179179e+00  -9.57036557162503e-18
   1.81181181181181e+00  -8.97930174945108e-18
   1.83183183183183e+00  -8.41778169653932e-18
   1.85185185185185e+00  -7.88485023514018e-18
   1.87187187187187e+00  -7.37954509993064e-18
   1.89189189189189e+00  -6.90090029734801e-18
   1.91191191191191e+00  -6.44794927525584e-18
   1.93193193193193e+00  -6.13823880321087e-18
   1.95195195195195e+00  -5.69422257830220e-18
   1.97197197197197e+00  -5.23364616550991e-18
   1.99199199199199e+00  -4.87389372121668e-18
   2.01201201201201e+00  -4.53509135777863e-18
   2.03203203203203e+00  -4.21632493304611e-18
   2.05205205205205e+00  -3.91669654374186e-18
   2.07207207207207e+00  -3.63532617153010e-18
   2.09209209209209e+00  -3.37135315087900e-18
   2.11211211211211e+00  -3.16706939301310e-18
   2.13213213213213e+00  -2.89226086731282e-18
   2.15215215215215e+00  -2.67552785924740e-18
   2.17217217217217e+00  -2.47296648989210e-18
   2.19219219219219e+00  -2.28382902553668e-18
   2.21221221221221e+00  -2.10739247173325e-18
   2.23223223223223e+00  -1.94295896361342e-18
   2.25225225225225e+00  -1.78985603099835e-18
   2.27227227227227e+00  -1.66389269034384e-18
   2.29229229229229e+00  -1.51507976202711e-18
   2.31231231231231e+00  -1.39218924914203e-18
   2.33233233233233e+00  -1.27819473866512e-18
   2.35235235235235e+00  -1.17255087987557e-18
   2.37237237237237e+00  -1.07473711951753e-18
   2.39239239239239e+00  -9.84257310673729e-19
   2.41241241241241e+00  -9.07270351739608e-19
   2.43243243243243e+00  -8.23434210061478e-19
   2.45245245245245e+00  -7.52216294854246e-19
   2.47247247247247e+00  -6.86581923124336e-19
   2.49249249249249e+00  -6.26149147790251e-19
   2.51251251251251e+00  -5.70556996266312e-19
   2.53253253253253e+00  -5.19464777753303e-19
   2.55255255255255e+00  -4.75181894410704e-19
   2.57257257257257e+00  -4.29514499906653e-19
   2.59259259259259e+00  -3.90069994455355e-19
   2.61261261261261e+00  -3.53951053183625e-19
   2.63263263263263e+00  -3.20907499224286e-19
   2.65265265265265e+00  -2.90705040672914e-19
   2.67267267267267e+00  -2.63124536171196e-19
   2.69269269269269e+00  -2.38692803357538e-19
   2.71271271271271e+00  -2.15024232279880e-19
   2.73273273273273e+00  -1.94135427715633e-19
   2.75275275275275e+00  -1.75129179746957e-19
   2.77277277277277e+00  -1.57851467046002e-19
   2.79279279279279e+00  -1.42159272756338e-19
   2.81281281281281e+00  -1.28348147258539e-19
   2.83283283283283e+00  -1.15010637012216e-19
   2.85285285285285e+00  -1.03317622685490e-19
   2.87287287287287e+00  -9.27358298394820e-20
   2.89289289289289e+00  -8.31682499306168e-20
   2.91291291291291e+00  -7.45254294813168e-20
   2.93293293293293e+00  -6.69013673462237e-20
   2.95295295295295e+00  -5.96910810327630e-20
   2.97297297297297e+00  -5.33540814378646e-20
   2.99299299299299e+00  -4.76500231881053e-20
   3.01301301301301e+00  -4.25202627529675e-20
   3.03303303303303e+00  -3.79110843520011e-20
   3.05305305305305e+00  -3.38244988108665e-20
   3.07307307307307e+00  -3.00621081896111e-20
   3.09309309309309e+00  -2.67363782245053e-20
   3.11311311311311e+00  -2.37587467598376e-20
   3.13313313313313e+00  -2.10951385914016e-20
   3.15315315315315e+00  -1.87145432955456e-20
   3.17317317317317e+00  -1.65887695114877e-20
   3.19319319319319e+00  -1.46922157305204e-20
   3.21321321321321e+00  -1.30016568164017e-20
   3.23323323323323e+00  -1.14960454819366e-20
   3.25325325325325e+00  -1.01563279522864e-20
   3.27327327327327e+00  -8.97419566921810e-21
   3.29329329329329e+00  -7.90731399264349e-21
   3.31331331331331e+00  -6.96840206201624e-21
   3.33333333333333e+00  -6.13587162022252e-21
   3.35335335335335e+00  -5.39831559814757e-21
   3.37337337337337e+00  -4.75087203559503e-21
   3.39339339339339e+00  -4.16811306150080e-21
   3.41341341341341e+00  -3.65795950579571e-21
   3.43343343343343e+00  -3.20758088604112e-21
   3.45345345345345e+00  -2.81031987627506e-21
   3.47347347347347e+00  -2.46252331512906e-21
   3.49349349349349e+00  -2.15194243618793e-21
   3.51351351351351e+00  -1.88073494078484e-21
   3.53353353353353e+00  -1.64234473933158e-21
   3.55355355355355e+00  -1.43298265649050e-21
   3.57357357357357e+00  -1.24997068191846e-21
   3.59359359359359e+00  -1.08821363021751e-21
   3.61361361361361e+00  -9.47132982338175e-22
   3.63363363363363e+00  -8.23660054448662e-22
   3.65365365365365e+00  -7.15690714578797e-22
   3.67367367367367e+00  -6.21650978783288e-22
   3.69369369369369e+00  -5.39015806847388e-22
   3.71371371371371e+00  -4.67197401808559e-22
   3.73373373373373e+00  -4.04613180763931e-22
   3.75375375375375e+00  -3.50122814527000e-22
   3.77377377377377e+00  -3.02720379856867e-22
   3.79379379379379e+00  -2.61519368452631e-22
   3.81381381381381e+00  -2.25739258435669e-22
   3.83383383383383e+00  -1.94693499137944e-22
   3.85385385385385e+00  -1.67834246351211e-22
   3.87387387387387e+00  -1.44465406904874e-22
   3.89389389389389e+00  -1.24288827359051e-22
   3.91391391391391e+00  -1.06841941644930e-22
   3.93393393393393e+00  -9.17683643998851e-23
   3.95395395395395e+00  -7.87563953235684e-23
   3.97397397397397e+00  -6.75336728673157e-23
   3.99399399399399e+00  -5.78624328845794e-23
   4.01401401401401e+00  -4.95353083471765e-23
   4.03403403403403e+00  -4.23817852429750e-23
   4.05405405405405e+00  -3.62140526606128e-23
   4.07407407407407e+00  -3.09258298617332e-23
   4.09409409409409e+00  -2.63880785676799e-23
   4.11411411411411e+00  -2.25021949075095e-23
   4.13413413413413e+00  -1.91649373634477e-23
   4.15415415415415e+00  -1.63125097693982e-23
   4.17417417417417e+00  -1.38731997738883e-23
   4.19419419419419e+00  -1.17918040484661e-23
   4.21421421421421e+00  -1.00095849661295e-23
   4.23423423423423e+00  -8.49180066934044e-24
   4.25425425425425e+00  -7.19823927606075e-24
   4.27427427427427e+00  -6.09797531487955e-24
   4.29429429429429e+00  -5.15950264483750e-24
   4.31431431431431e+00  -4.36277738500806e-24
   4.33433433433433e+00  -3.68605079566321e-24
   4.35435435435435e+00  -3.11173565217748e-24
   4.37437437437437e+00  -2.62474587349124e-24
   4.39439439439439e+00  -2.21215259277448e-24
   4.41441441441441e+00  -1.86288575154086e-24
   4.43443443443443e+00  -1.56771909724796e-24
   4.45445445445445e+00  -1.31782799113077e-24
   4.47447447447447e+00  -1.10703213017872e-24
   4.49449449449449e+00  -9.29191667644580e-25
   4.51451451451451e+00  -7.79386975755999e-25
   4.53453453453453e+00  -6.53019984342626e-25
   4.55455455455455e+00  -5.46767488789234e-25
   4.57457457457457e+00  -4.57427983741594e-25
   4.59459459459459e+00  -3.82405176123637e-25
   4.61461461461461e+00  -3.19370335765754e-25
   4.63463463463463e+00  -2.66530243098453e-25
   4.65465465465465e+00  -2.22250371039034e-25
   4.67467467467467e+00  -1.85175118870040e-25
   4.69469469469469e+00  -1.54158319207597e-25
   4.71471471471471e+00  -1.28231746187524e-25
   4.73473473473473e+00  -1.06578219116273e-25
   4.75475475475475e+00  -8.85086531493545e-26
   4.77477477477477e+00  -7.34424966220445e-26
   4.79479479479479e+00  -6.08910712801677e-26
   4.81481481481481e+00  -5.04462796480670e-26
   4.83483483483483e+00  -4.17541504088236e-26
   4.85485485485485e+00  -3.45334218982451e-26
   4.87487487487487e+00  -2.85380490310790e-26
   4.89489489489489e+00  -2.35642542879766e-26
   4.91491491491491e+00  -1.94414176518860e-26
   4.93493493493493e+00  -1.60268075011019e-26
   4.95495495495495e+00  -1.32017089548216e-26
   4.97497497497497e+00  -1.08647563653826e-26
   4.99499499499499e+00  -8.93457657441291e-27
   5.01501501501502e+00  -7.34130089240441e-27
   5.03503503503504e+00  -6.02722202122323e-27
   5.05505505505506e+00  -4.94431942186454e-27
   5.07507507507508e+00  -4.05266835195913e-27
   5.09509509509510e+00  -3.31921873058147e-27
   5.11511511511512e+00  -2.71610147681492e-27
   5.13513513513514e+00  -2.22083590023551e-27
   5.15515515515516e+00  -1.81439714053143e-27
   5.17517517517518e+00  -1.48113174025922e-27
   5.19519519519520e+00  -1.20809343363805e-27
   5.21521521521522e+00  -9.84584293537521e-28
   5.23523523523524e+00  -8.01771977356144e-28
   5.25525525525526e+00  -6.52370746103188e-28
   5.27527527527528e+00  -5.30375876290123e-28
   5.29529529529530e+00  -4.30853127703109e-28
   5.31531531531532e+00  -3.49703151076282e-28
   5.33533533533534e+00  -2.83612998536668e-28
   5.35535535535536e+00  -2.29832483537605e-28
   5.37537537537538e+00  -1.86087373440605e-28
   5.39539539539540e+00  -1.50550145316363e-28
   5.41541541541542e+00  -1.21700239128230e-28
   5.43543543543544e+00  -9.82986842680006e-29
   5.45545545545546e+00  -7.93322989214585e-29
   5.47547547547548e+00  -6.39732591171154e-29
   5.49549549549550e+00  -5.15457728097835e-29
   5.51551551551552e+00  -4.14986353793982e-29
   5.53553553553554e+00  -3.33826491009483e-29
   5.55555555555556e+00  -2.68320613945397e-29
   5.57557557557558e+00  -2.15493204324890e-29
   5.59559559559560e+00  -1.72925665535398e-29
   5.61561561561562e+00  -1.38655690344824e-29
   5.63563563563564e+00  -1.11083708582489e-29
   5.65565565565566e+00  -8.89232819069437e-30
   5.67567567567568e+00  -7.11266627267976e-30
   5.69569569569570e+00  -5.68440747602917e-30
   5.71571571571572e+00  -4.53931040051368e-30
   5.73573573573574e+00  -3.62197917216943e-30
   5.75575575575576e+00  -2.88761345736013e-30
   5.77577577577578e+00  -2.30029547216233e-30
   5.79579579579580e+00  -1.83096144911733e-30
   5.81581581581582e+00  -1.45617272463549e-30
   5.83583583583584e+00  -1.15717131828598e-30
   5.85585585585586e+00  -9.18825660478766e-31
   5.87587587587588e+00  -7.28966610506228e-31
   5.89589589589590e+00  -5.77873674394777e-31
   5.91591591591592e+00  -4.57729178475451e-31
   5.93593593593594e+00  -3.62263179026480e-31
   5.95595595595596e+00  -2.86477335485948e-31
   5.97597597597598e+00  -2.26361905607591e-31
   5.99599599599600e+00  -1.78716003325979e-31
   6.01601601601602e+00  -4.27670586371611e-48
   6.03603603603604e+00   0.00000000000000e+00
   6.05605605605606e+00   0.00000000000000e+00
   6.07607607607608e+00   0.00000000000000e+00
   6.09609609609610e+00  -2.13833595460748e-48
   6.11611611611612e+00   0.00000000000000e+00
   6.13613613613614e+00  -1.06916412389051e-48
   6.15615615615616e+00  -1.06916228781484e-48
   6.17617617617618e+00   0.00000000000000e+00
   6.19619619619620e+00  -1.06915878750007e-48
   6.21621621621622e+00   0.00000000000000e+00
   6.23623623623624e+00   0.00000000000000e+00
   6.25625625625626e+00  -5.34576970046694e-49
   6.27627627627628e+00   0.00000000000000e+00
   6.29629629629630e+00   0.00000000000000e+00
   6.31631631631632e+00   0.00000000000000e+00
   6.33633633633634e+00   1.33643520084356e-49
   6.35635635635636e+00   6.68216767422779e-50
   6.37637637637638e+00  -6.68215960685583e-50
   6.39639639639640e+00   6.68215179382182e-50
   6.41641641641642e+00  -6.68214422710676e-50
   6.43643643643644e+00   0.00000000000000e+00
   6.45645645645646e+00   0.00000000000000e+00
   6.47647647647648e+00   0.00000000000000e+00
   6.49649649649650e+00   0.00000000000000e+00
   6.51651651651652e+00  -8.35263728113884e-51
   6.53653653653654e+00   0.00000000000000e+00
   6.55655655655656e+00   0.00000000000000e+00
   6.57657657657658e+00  -4.17630729903829e-51
   6.59659659659660e+00  -4.17630375435291e-51
   6.61661661661662e+00   0.00000000000000e+00
   6.63663663663664e+00   0.00000000000000e+00
   6.65665665665666e+00  -2.08814688840739e-51
   6.67667667667668e+00   0.00000000000000e+00
   6.69669669669670e+00   1.04407190958916e-51
   6.71671671671672e+00   0.00000000000000e+00
   6.73673673673674e+00  -5.22035235104682e-52
   6.75675675675676e+00   0.00000000000000e+00
   6.77677677677678e+00   0.00000000000000e+00
   6.79679679679680e+00  -2.61017119219247e-52
   6.81681681681682e+00   0.00000000000000e+00
   6.83683683683684e+00  -1.30508406315335e-52
   6.85685685685686e+00   0.00000000000000e+00
   6.87687687687688e+00  -1.30508262534065e-52
   6.89689689689690e+00   0.00000000000000e+00
   6.91691691691692e+00   6.52540638377213e-53
   6.93693693693694e+00  -3.26270158544289e-53
   6.95695695695696e+00   0.00000000000000e+00
   6.97697697697698e+00   0.00000000000000e+00
   6.99699699699700e+00   1.63134853181982e-53
   7.01701701701702e+00   0.00000000000000e+00
   7.03703703703704e+00  -1.63134714084819e-53
   7.05705705705706e+00  -8.15673239037425e-54
   7.07707707707708e+00  -8.15672918097792e-54
   7.09709709709710e+00   4.07836303637921e-54
   7.11711711711712e+00  -4.07836153126303e-54
   7.13713713713714e+00  -2.03918003679793e-54
   7.15715715715716e+00   0.00000000000000e+00
   7.17717717717718e+00   0.00000000000000e+00
   7.19719719719720e+00   0.00000000000000e+00
   7.21721721721722e+00   0.00000000000000e+00
   7.23723723723724e+00   0.00000000000000e+00
   7.25725725725726e+00  -5.09794030434062e-55
   7.27727727727728e+00  -2.54896942412719e-55
   7.29729729729730e+00  -2.54896871903562e-55
   7.31731731731732e+00   0.00000000000000e+00
   7.33733733733734e+00  -1.27448368741785e-55
   7.35735735735736e+00  -1.27448336717397e-55
   7.37737737737738e+00  -6.37241528512879e-56
   7.39739739739740e+00   6.37241378327468e-56
   7.41741741741742e+00  -6.37241232876636e-56
   7.43743743743744e+00   0.00000000000000e+00
   7.45745745745746e+00   0.00000000000000e+00
   7.47747747747748e+00   0.00000000000000e+00
   7.49749749749750e+00   0.00000000000000e+00
   7.51751751751752e+00   7.96550714473368e-57
   7.53753753753754e+00   0.00000000000000e+00
   7.55755755755756e+00  -7.96550419157298e-57
   7.57757757757758e+00   0.00000000000000e+00
   7.59759759759760e+00   3.98275071083646e-57
   7.61761761761762e+00   0.00000000000000e+00
   7.63763763763764e+00   0.00000000000000e+00
   7.65765765765766e+00   0.00000000000000e+00
   7.67767767767768e+00   0.00000000000000e+00
   7.69769769769770e+00  -9.95686903222759e-58
   7.71771771771772e+00   0.00000000000000e+00
   7.73773773773774e+00   0.00000000000000e+00
   7.75775775775776e+00  -2.48921623673607e-58
   7.77777777777778e+00   0.00000000000000e+00
   7.79779779779780e+00   0.00000000000000e+00
   7.81781781781782e+00   0.00000000000000e+00
   7.83783783783784e+00  -6.22303754758667e-59
   7.85785785785786e+00   0.00000000000000e+00
   7.87787787787788e+00   0.00000000000000e+00
   7.89789789789790e+00  -3.11151775357738e-59
   7.91791791791792e+00  -3.11151743471779e-59
   7.93793793793794e+00   1.55575856295507e-59
   7.95795795795796e+00  -1.55575841341876e-59
   7.97797797797798e+00   0.00000000000000e+00
   7.99799799799800e+00   7.77879064169887e-60
   8.01801801801802e+00   3.88939498126138e-60
   8.03803803803804e+00   0.00000000000000e+00
   8.05805805805806e+00  -1.94469716693196e-60
   8.07807807807808e+00   0.00000000000000e+00
   8.09809809809810e+00   0.00000000000000e+00
   8.11811811811812e+00   9.72348359327423e-61
   8.13813813813814e+00   0.00000000000000e+00
   8.15815815815816e+00   0.00000000000000e+00
   8.17817817817818e+00  -4.86174077862632e-61
   8.19819819819820e+00   0.00000000000000e+00
   8.21821821821822e+00   0.00000000000000e+00
   8.23823823823824e+00   1.21543496347235e-61
   8.25825825825826e+00   0.00000000000000e+00
   8.27827827827828e+00   0.00000000000000e+00
   8.29829829829830e+00  -6.07717376735024e-62
   8.31831831831832e+00   0.00000000000000e+00
   8.33833833833834e+00   0.00000000000000e+00
   8.35835835835836e+00   1.51929320338614e-62
   8.37837837837838e+00   0.00000000000000e+00
   8.39839839839840e+00   0.00000000000000e+00
   8.41841841841842e+00  -7.59646493391242e-63
   8.43843843843844e+00   0.00000000000000e+00
   8.45845845845846e+00   0.00000000000000e+00
   8.47847847847848e+00   0.00000000000000e+00
   8.49849849849850e+00   1.89911591066239e-63
   8.51851851851852e+00   0.00000000000000e+00
   8.53853853853854e+00   0.00000000000000e+00
   8.55855855855856e+00  -4.74778923573204e-64
   8.57857857857858e+00  -4.74778906667094e-64
   8.59859859859860e+00   0.00000000000000e+00
   8.61861861861862e+00   0.00000000000000e+00
   8.63863863863864e+00   0.00000000000000e+00
   8.65865865865866e+00  -1.18694711051710e-64
   8.67867867867868e+00   0.00000000000000e+00
   8.69869869869870e+00   5.93473519815844e-65
   8.71871871871872e+00   0.00000000000000e+00
   8.73873873873874e+00   0.00000000000000e+00
   8.75875875875876e+00   0.00000000000000e+00
   8.77877877877878e+00   0.00000000000000e+00
   8.79879879879880e+00   7.41841800669048e-66
   8.81881881881882e+00   0.00000000000000e+00
   8.83883883883884e+00  -3.70920882632317e-66
   8.85885885885886e+00   0.00000000000000e+00
   8.87887887887888e+00   0.00000000000000e+00
   8.89889889889890e+00   0.00000000000000e+00
   8.91891891891892e+00   0.00000000000000e+00
   8.93893893893894e+00   0.00000000000000e+00
   8.95895895895896e+00  -4.63651044810418e-67
   8.97897897897898e+00   0.00000000000000e+00
   8.99899899899900e+00   2.31825513842393e-67
   9.01901901901902e+00   2.31825509762358e-67
   9.03903903903904e+00   0.00000000000000e+00
   9.05905905905906e+00  -1.15912750992048e-67
   9.07907907907908e+00   0.00000000000000e+00
   9.09909909909910e+00  -5.79563736721290e-68
   9.11911911911912e+00   0.00000000000000e+00
   9.13913913913914e+00   0.00000000000000e+00
   9.15915915915916e+00   0.00000000000000e+00
   9.17917917917918e+00   0.00000000000000e+00
   9.19919919919920e+00   0.00000000000000e+00
   9.21921921921922e+00  -7.24454610648472e-69
   9.23923923923924e+00   0.00000000000000e+00
   9.25925925925926e+00   0.00000000000000e+00
   9.27927927927928e+00   0.00000000000000e+00
   9.29929929929930e+00   0.00000000000000e+00
   9.31931931931932e+00   0.00000000000000e+00
   9.33933933933934e+00   0.00000000000000e+00
   9.35935935935936e+00  -4.52784095958934e-70
   9.37937937937938e+00   0.00000000000000e+00
   9.39939939939940e+00  -2.26392043573008e-70
   9.41941941941942e+00   0.00000000000000e+00
   9.43943943943944e+00   0.00000000000000e+00
   9.45945945945946e+00   0.00000000000000e+00
   9.47947947947948e+00   0.00000000000000e+00
   9.49949949949950e+00   0.00000000000000e+00
   9.51951951951952e+00   0.00000000000000e+00
   9.53953953953954e+00   0.00000000000000e+00
   9.55955955955956e+00   0.00000000000000e+00
   9.57957957957958e+00   0.00000000000000e+00
   9.59959959959960e+00  -3.53737539560000e-72
   9.61961961961962e+00   0.00000000000000e+00
   9.63963963963964e+00   0.00000000000000e+00
   9.65965965965966e+00  -1.76868766319236e-72
   9.67967967967968e+00   0.00000000000000e+00
   9.69969969969970e+00   0.00000000000000e+00
   9.71971971971972e+00   4.42171907938894e-73
   9.73973973973974e+00   0.00000000000000e+00
   9.75975975975976e+00  -2.21085951551841e-73
   9.77977977977978e+00   0.00000000000000e+00
   9.79979979979980e+00  -1.10542974642129e-73
   9.81981981981982e+00   0.00000000000000e+00
   9.83983983983984e+00   0.00000000000000e+00
   9.85985985985986e+00   0.00000000000000e+00
   9.87987987987988e+00   0.00000000000000e+00
   9.89989989989990e+00  -2.76357430264976e-74
   9.91991991991992e+00   0.00000000000000e+00
   9.93993993993994e+00   0.00000000000000e+00
   9.95995995995996e+00   0.00000000000000e+00
   9.97997997997998e+00   0.00000000000000e+00
   1.00000000000000e+01   0.00000000000000e+00
