  -1.00000000000000e+01  -9.99999887464825e-03   9.99999887464825e-03
  -9.97997997997998e+00  -9.99999883801740e-03   9.99999883801740e-03
  -9.95995995995996e+00  -9.99999880019420e-03   9.99999880019420e-03
  -9.93993993993994e+00  -9.99999876113982e-03   9.99999876113982e-03
  -9.91991991991992e+00  -9.99999872081420e-03   9.99999872081420e-03
  -9.89989989989990e+00  -9.99999867917596e-03   9.99999867917596e-03
  -9.87987987987988e+00  -9.99999863618238e-03   9.99999863618238e-03
  -9.85985985985986e+00  -9.99999859178932e-03   9.99999859178932e-03
  -9.83983983983984e+00  -9.99999854595125e-03   9.99999854595125e-03
  -9.81981981981982e+00  -9.99999849862112e-03   9.99999849862112e-03
  -9.79979979979980e+00  -9.99999844975037e-03   9.99999844975037e-03
  -9.77977977977978e+00  -9.99999839928884e-03   9.99999839928884e-03
  -9.75975975975976e+00  -9.99999834718477e-03   9.99999834718477e-03
  -9.73973973973974e+00  -9.99999829338467e-03   9.99999829338467e-03
  -9.71971971971972e+00  -9.99999823783336e-03   9.99999823783336e-03
  -9.69969969969970e+00  -9.99999818047381e-03   9.99999818047381e-03
  -9.67967967967968e+00  -9.99999812124718e-03   9.99999812124718e-03
  -9.65965965965966e+00  -9.99999806009269e-03   9.99999806009269e-03
  -9.63963963963964e+00  -9.99999799694758e-03   9.99999799694758e-03
  -9.61961961961962e+00  -9.99999793174706e-03   9.99999793174706e-03
  -9.59959959959960e+00  -9.99999786442423e-03   9.99999786442423e-03
  -9.57957957957958e+00  -9.99999779491000e-03   9.99999779491000e-03
  -9.55955955955956e+00  -9.99999772313304e-03   9.99999772313304e-03
  -9.53953953953954e+00  -9.99999764901971e-03   9.99999764901971e-03
  -9.51951951951952e+00  -9.99999757249394e-03   9.99999757249394e-03
  -9.49949949949950e+00  -9.99999749347721e-03   9.99999749347721e-03
  -9.47947947947948e+00  -9.99999741188844e-03   9.99999741188844e-03
  -9.45945945945946e+00  -9.99999732764391e-03   9.99999732764391e-03
  -9.43943943943944e+00  -9.99999724065717e-03   9.99999724065717e-03
  -9.41941941941942e+00  -9.99999715083896e-03   9.99999715083896e-03
  -9.39939939939940e+00  -9.99999705809711e-03   9.99999705809711e-03
  -9.37937937937938e+00  -9.99999696233647e-03   9.99999696233647e-03
  -9.35935935935936e+00  -9.99999686345876e-03   9.99999686345876e-03
  -9.33933933933934e+00  -9.99999676136253e-03   9.99999676136253e-03
  -9.31931931931932e+00  -9.99999665594300e-03   9.99999665594300e-03
  -9.29929929929930e+00  -9.99999654709201e-03   9.99999654709201e-03
  -9.27927927927928e+00  -9.99999643469785e-03   9.99999643469785e-03
  -9.25925925925926e+00  -9.99999631864520e-03   9.99999631864520e-03
  -9.23923923923924e+00  -9.99999619881497e-03   9.99999619881497e-03
  -9.21921921921922e+00  -9.99999607508419e-03   9.99999607508419e-03
  -9.19919919919920e+00  -9.99999594732591e-03   9.99999594732591e-03
  -9.17917917917918e+00  -9.99999581540902e-03   9.99999581540902e-03
  -9.15915915915916e+00  -9.99999567919816e-03   9.99999567919816e-03
  -9.13913913913914e+00  -9.99999553855356e-03   9.99999553855356e-03
  -9.11911911911912e+00  -9.99999539333089e-03   9.99999539333089e-03
  -9.09909909909910e+00  -9.99999524338114e-03   9.99999524338114e-03
  -9.07907907907908e+00  -9.99999508855044e-03   9.99999508855044e-03
  -9.05905905905906e+00  -9.99999492867991e-03   9.99999492867991e-03
  -9.03903903903904e+00  -9.99999476360550e-03   9.99999476360550e-03
  -9.01901901901902e+00  -9.99999459315783e-03   9.99999459315783e-03
  -8.99899899899900e+00  -9.99999441716198e-03   9.99999441716198e-03
  -8.97897897897898e+00  -9.99999423543737e-03   9.99999423543737e-03
  -8.95895895895896e+00  -9.99999404779751e-03   9.99999404779751e-03
  -8.93893893893894e+00  -9.99999385404987e-03   9.99999385404987e-03
  -8.91891891891892e+00  -9.99999365399564e-03   9.99999365399564e-03
  -8.89889889889890e+00  -9.99999344742952e-03   9.99999344742952e-03
  -8.87887887887888e+00  -9.99999323413955e-03   9.99999323413955e-03
  -8.85885885885886e+00  -9.99999301390687e-03   9.99999301390687e-03
  -8.83883883883884e+00  -9.99999278650549e-03   9.99999278650549e-03
  -8.81881881881882e+00  -9.99999255170207e-03   9.99999255170207e-03
  -8.79879879879880e+00  -9.99999230925566e-03   9.99999230925566e-03
  -8.77877877877878e+00  -9.99999205891747e-03   9.99999205891747e-03
  -8.75875875875876e+00  -9.99999180043063e-03   9.99999180043063e-03
  -8.73873873873874e+00  -9.99999153352990e-03   9.99999153352990e-03
  -8.71871871871872e+00  -9.99999125794139e-03   9.99999125794139e-03
  -8.69869869869870e+00  -9.99999097338231e-03   9.99999097338231e-03
  -8.67867867867868e+00  -9.99999067956068e-03   9.99999067956068e-03
  -8.65865865865866e+00  -9.99999037617498e-03   9.99999037617498e-03
  -8.63863863863864e+00  -9.99999006291390e-03   9.99999006291390e-03
  -8.61861861861862e+00  -9.99998973945599e-03   9.99998973945599e-03
  -8.59859859859860e+00  -9.99998940546933e-03   9.99998940546933e-03
  -8.57857857857858e+00  -9.99998906061122e-03   9.99998906061122e-03
  -8.55855855855856e+00  -9.99998870452778e-03   9.99998870452778e-03
  -8.53853853853854e+00  -9.99998833685361e-03   9.99998833685361e-03
  -8.51851851851852e+00  -9.99998795721144e-03   9.99998795721144e-03
  -8.49849849849850e+00  -9.99998756521169e-03   9.99998756521169e-03
  -8.47847847847848e+00  -9.99998716045213e-03   9.99998716045213e-03
  -8.45845845845846e+00  -9.99998674251740e-03   9.99998674251740e-03
  -8.43843843843844e+00  -9.99998631097866e-03   9.99998631097866e-03
  -8.41841841841842e+00  -9.99998586539308e-03   9.99998586539308e-03
  -8.39839839839840e+00  -9.99998540530344e-03   9.99998540530344e-03
  -8.37837837837838e+00  -9.99998493023761e-03   9.99998493023761e-03
  -8.35835835835836e+00  -9.99998443970811e-03   9.99998443970811e-03
  -8.33833833833834e+00  -9.99998393321159e-03   9.99998393321159e-03
  -8.31831831831832e+00  -9.99998341022832e-03   9.99998341022832e-03
  -8.29829829829830e+00  -9.99998287022164e-03   9.99998287022164e-03
  -8.27827827827828e+00  -9.99998231263743e-03   9.99998231263743e-03
  -8.25825825825826e+00  -9.99998173690353e-03   9.99998173690353e-03
  -8.23823823823824e+00  -9.99998114242915e-03   9.99998114242915e-03
  -8.21821821821822e+00  -9.99998052860429e-03   9.99998052860429e-03
  -8.19819819819820e+00  -9.99997989479908e-03   9.99997989479908e-03
  -8.17817817817818e+00  -9.99997924036314e-03   9.99997924036314e-03
  -8.15815815815816e+00  -9.99997856462493e-03   9.99997856462493e-03
  -8.13813813813814e+00  -9.99997786689105e-03   9.99997786689105e-03
  -8.11811811811812e+00  -9.99997714644553e-03   9.99997714644553e-03
  -8.09809809809810e+00  -9.99997640254909e-03   9.99997640254909e-03
  -8.07807807807808e+00  -9.99997563443839e-03   9.99997563443839e-03
  -8.05805805805806e+00  -9.99997484132524e-03   9.99997484132524e-03
  -8.03803803803804e+00  -9.99997402239580e-03   9.99997402239580e-03
  -8.01801801801802e+00  -9.99997317680973e-03   9.99997317680973e-03
  -7.99799799799800e+00  -9.99997230369934e-03   9.99997230369934e-03
  -7.97797797797798e+00  -9.99997140216870e-03   9.99997140216870e-03
  -7.95795795795796e+00  -9.99997047129272e-03   9.99997047129272e-03
  -7.93793793793794e+00  -9.99996951011619e-03   9.99996951011619e-03
  -7.91791791791792e+00  -9.99996851765280e-03   9.99996851765280e-03
  -7.89789789789790e+00  -9.99996749288416e-03   9.99996749288416e-03
  -7.87787787787788e+00  -9.99996643475870e-03   9.99996643475870e-03
  -7.85785785785786e+00  -9.99996534219065e-03   9.99996534219065e-03
  -7.83783783783784e+00  -9.99996421405887e-03   9.99996421405887e-03
  -7.81781781781782e+00  -9.99996304920575e-03   9.99996304920575e-03
  -7.79779779779780e+00  -9.99996184643598e-03   9.99996184643598e-03
  -7.77777777777778e+00  -9.99996060451537e-03   9.99996060451537e-03
  -7.75775775775776e+00  -9.99995932216951e-03   9.99995932216951e-03
  -7.73773773773774e+00  -9.99995799808256e-03   9.99995799808256e-03
  -7.71771771771772e+00  -9.99995663089581e-03   9.99995663089581e-03
  -7.69769769769770e+00  -9.99995521920634e-03   9.99995521920634e-03
  -7.67767767767768e+00  -9.99995376156555e-03   9.99995376156555e-03
  -7.65765765765766e+00  -9.99995225647772e-03   9.99995225647772e-03
  -7.63763763763764e+00  -9.99995070239840e-03   9.99995070239840e-03
  -7.61761761761762e+00  -9.99994909773290e-03   9.99994909773290e-03
  -7.59759759759760e+00  -9.99994744083461e-03   9.99994744083461e-03
  -7.57757757757758e+00  -9.99994573000332e-03   9.99994573000332e-03
  -7.55755755755756e+00  -9.99994396348348e-03   9.99994396348348e-03
  -7.53753753753754e+00  -9.99994213946240e-03   9.99994213946240e-03
  -7.51751751751752e+00  -9.99994025606837e-03   9.99994025606837e-03
  -7.49749749749750e+00  -9.99993831136878e-03   9.99993831136878e-03
  -7.47747747747748e+00  -9.99993630336809e-03   9.99993630336809e-03
  -7.45745745745746e+00  -9.99993423000581e-03   9.99993423000581e-03
  -7.43743743743744e+00  -9.99993208915438e-03   9.99993208915438e-03
  -7.41741741741742e+00  -9.99992987861701e-03   9.99992987861701e-03
  -7.39739739739740e+00  -9.99992759612536e-03   9.99992759612536e-03
  -7.37737737737738e+00  -9.99992523933728e-03   9.99992523933728e-03
  -7.35735735735736e+00  -9.99992280583439e-03   9.99992280583439e-03
  -7.33733733733734e+00  -9.99992029311957e-03   9.99992029311957e-03
  -7.31731731731732e+00  -9.99991769861442e-03   9.99991769861442e-03
  -7.29729729729730e+00  -9.99991501965663e-03   9.99991501965663e-03
  -7.27727727727728e+00  -9.99991225349721e-03   9.99991225349721e-03
  -7.25725725725726e+00  -9.99990939729770e-03   9.99990939729770e-03
  -7.23723723723724e+00  -9.99990644812724e-03   9.99990644812724e-03
  -7.21721721721722e+00  -9.99990340295957e-03   9.99990340295957e-03
  -7.19719719719720e+00  -9.99990025866993e-03   9.99990025866993e-03
  -7.17717717717718e+00  -9.99989701203184e-03   9.99989701203184e-03
  -7.15715715715716e+00  -9.99989365971379e-03   9.99989365971379e-03
  -7.13713713713714e+00  -9.99989019827586e-03   9.99989019827586e-03
  -7.11711711711712e+00  -9.99988662416611e-03   9.99988662416611e-03
  -7.09709709709710e+00  -9.99988293371702e-03   9.99988293371702e-03
  -7.07707707707708e+00  -9.99987912314167e-03   9.99987912314167e-03
  -7.05705705705706e+00  -9.99987518852989e-03   9.99987518852989e-03
  -7.03703703703704e+00  -9.99987112584421e-03   9.99987112584421e-03
  -7.01701701701702e+00  -9.99986693091576e-03   9.99986693091576e-03
  -6.99699699699700e+00  -9.99986259943996e-03   9.99986259943996e-03
  -6.97697697697698e+00  -9.99985812697211e-03   9.99985812697211e-03
  -6.95695695695696e+00  -9.99985350892284e-03   9.99985350892284e-03
  -6.93693693693694e+00  -9.99984874055340e-03   9.99984874055340e-03
  -6.91691691691692e+00  -9.99984381697076e-03   9.99984381697076e-03
  -6.89689689689690e+00  -9.99983873312265e-03   9.99983873312265e-03
  -6.87687687687688e+00  -9.99983348379235e-03   9.99983348379235e-03
  -6.85685685685686e+00  -9.99982806359329e-03   9.99982806359329e-03
  -6.83683683683684e+00  -9.99982246696362e-03   9.99982246696362e-03
  -6.81681681681682e+00  -9.99981668816042e-03   9.99981668816042e-03
  -6.79679679679680e+00  -9.99981072125381e-03   9.99981072125381e-03
  -6.77677677677678e+00  -9.99980456012095e-03   9.99980456012095e-03
  -6.75675675675676e+00  -9.99979819843963e-03   9.99979819843963e-03
  -6.73673673673674e+00  -9.99979162968190e-03   9.99979162968190e-03
  -6.71671671671672e+00  -9.99978484710731e-03   9.99978484710731e-03
  -6.69669669669670e+00  -9.99977784375597e-03   9.99977784375597e-03
  -6.67667667667668e+00  -9.99977061244150e-03   9.99977061244150e-03
  -6.65665665665666e+00  -9.99976314574355e-03   9.99976314574355e-03
  -6.63663663663664e+00  -9.99975543600025e-03   9.99975543600025e-03
  -6.61661661661662e+00  -9.99974747530034e-03   9.99974747530034e-03
  -6.59659659659660e+00  -9.99973925547503e-03   9.99973925547503e-03
  -6.57657657657658e+00  -9.99973076808965e-03   9.99973076808965e-03
  -6.55655655655656e+00  -9.99972200443496e-03   9.99972200443496e-03
  -6.53653653653654e+00  -9.99971295551823e-03   9.99971295551823e-03
  -6.51651651651652e+00  -9.99970361205401e-03   9.99970361205401e-03
  -6.49649649649650e+00  -9.99969396445462e-03   9.99969396445462e-03
  -6.47647647647648e+00  -9.99968400282029e-03   9.99968400282029e-03
  -6.45645645645646e+00  -9.99967371692897e-03   9.99967371692897e-03
  -6.43643643643644e+00  -9.99966309622594e-03   9.99966309622594e-03
  -6.41641641641642e+00  -9.99965212981287e-03   9.99965212981287e-03
  -6.39639639639640e+00  -9.99964080643670e-03   9.99964080643670e-03
  -6.37637637637638e+00  -9.99962911447807e-03   9.99962911447807e-03
  -6.35635635635636e+00  -9.99961704193942e-03   9.99961704193942e-03
  -6.33633633633634e+00  -9.99960457643263e-03   9.99960457643263e-03
  -6.31631631631632e+00  -9.99959170516638e-03   9.99959170516638e-03
  -6.29629629629630e+00  -9.99957841493295e-03   9.99957841493295e-03
  -6.27627627627628e+00  -9.99956469209472e-03   9.99956469209472e-03
  -6.25625625625626e+00  -9.99955052257016e-03   9.99955052257016e-03
  -6.23623623623624e+00  -9.99953589181936e-03   9.99953589181936e-03
  -6.21621621621622e+00  -9.99952078482915e-03   9.99952078482915e-03
  -6.19619619619620e+00  -9.99950518609764e-03   9.99950518609764e-03
  -6.17617617617618e+00  -9.99948907961839e-03   9.99948907961839e-03
  -6.15615615615616e+00  -9.99947244886391e-03   9.99947244886391e-03
  -6.13613613613614e+00  -9.99945527676873e-03   9.99945527676873e-03
  -6.11611611611612e+00  -9.99943754571190e-03   9.99943754571190e-03
  -6.09609609609610e+00  -9.99941923749890e-03   9.99941923749890e-03
  -6.07607607607608e+00  -9.99940033334296e-03   9.99940033334296e-03
  -6.05605605605606e+00  -9.99938081384578e-03   9.99938081384578e-03
  -6.03603603603604e+00  -9.99936065897766e-03   9.99936065897766e-03
  -6.01601601601602e+00  -9.99933984805691e-03   9.99933984805691e-03
  -5.99599599599600e+00  -9.99931835972862e-03   9.99931835972862e-03
  -5.97597597597598e+00  -9.99929617194280e-03   9.99929617194280e-03
  -5.95595595595596e+00  -9.99927326193169e-03   9.99927326193169e-03
  -5.93593593593594e+00  -9.99924960618645e-03   9.99924960618645e-03
  -5.91591591591592e+00  -9.99922518043298e-03   9.99922518043298e-03
  -5.89589589589590e+00  -9.99919995960710e-03   9.99919995960710e-03
  -5.87587587587588e+00  -9.99917391782871e-03   9.99917391782871e-03
  -5.85585585585586e+00  -9.99914702837534e-03   9.99914702837534e-03
  -5.83583583583584e+00  -9.99911926365469e-03   9.99911926365469e-03
  -5.81581581581582e+00  -9.99909059517629e-03   9.99909059517629e-03
  -5.79579579579580e+00  -9.99906099352231e-03   9.99906099352231e-03
  -5.77577577577578e+00  -9.99903042831734e-03   9.99903042831734e-03
  -5.75575575575576e+00  -9.99899886819723e-03   9.99899886819723e-03
  -5.73573573573574e+00  -9.99896628077692e-03   9.99896628077692e-03
  -5.71571571571572e+00  -9.99893263261720e-03   9.99893263261720e-03
  -5.69569569569570e+00  -9.99889788919039e-03   9.99889788919039e-03
  -5.67567567567568e+00  -9.99886201484490e-03   9.99886201484490e-03
  -5.65565565565566e+00  -9.99882497276867e-03   9.99882497276867e-03
  -5.63563563563564e+00  -9.99878672495140e-03   9.99878672495140e-03
  -5.61561561561562e+00  -9.99874723214551e-03   9.99874723214551e-03
  -5.59559559559560e+00  -9.99870645382591e-03   9.99870645382591e-03
  -5.57557557557558e+00  -9.99866434814837e-03   9.99866434814837e-03
  -5.55555555555556e+00  -9.99862087190663e-03   9.99862087190663e-03
  -5.53553553553554e+00  -9.99857598048803e-03   9.99857598048803e-03
  -5.51551551551552e+00  -9.99852962782775e-03   9.99852962782775e-03
  -5.49549549549550e+00  -9.99848176636150e-03   9.99848176636150e-03
  -5.47547547547548e+00  -9.99843234697680e-03   9.99843234697680e-03
  -5.45545545545546e+00  -9.99838131896249e-03   9.99838131896249e-03
  -5.43543543543544e+00  -9.99832862995674e-03   9.99832862995674e-03
  -5.41541541541542e+00  -9.99827422589333e-03   9.99827422589333e-03
  -5.39539539539540e+00  -9.99821805094613e-03   9.99821805094613e-03
  -5.37537537537538e+00  -9.99816004747184e-03   9.99816004747184e-03
  -5.35535535535536e+00  -9.99810015595085e-03   9.99810015595085e-03
  -5.33533533533534e+00  -9.99803831492615e-03   9.99803831492615e-03
  -5.31531531531532e+00  -9.99797446094026e-03   9.99797446094026e-03
  -5.29529529529530e+00  -9.99790852847013e-03   9.99790852847013e-03
  -5.27527527527528e+00  -9.99784044985989e-03   9.99784044985989e-03
  -5.25525525525526e+00  -9.99777015525144e-03   9.99777015525144e-03
  -5.23523523523524e+00  -9.99769757251275e-03   9.99769757251275e-03
  -5.21521521521522e+00  -9.99762262716386e-03   9.99762262716386e-03
  -5.19519519519520e+00  -9.99754524230043e-03   9.99754524230043e-03
  -5.17517517517518e+00  -9.99746533851485e-03   9.99746533851485e-03
  -5.15515515515516e+00  -9.99738283381475e-03   9.99738283381475e-03
  -5.13513513513514e+00  -9.99729764353886e-03   9.99729764353886e-03
  -5.11511511511512e+00  -9.99720968027012e-03   9.99720968027012e-03
  -5.09509509509510e+00  -9.99711885374601e-03   9.99711885374601e-03
  -5.07507507507508e+00  -9.99702507076590e-03   9.99702507076590e-03
  -5.05505505505506e+00  -9.99692823509546e-03   9.99692823509546e-03
  -5.03503503503504e+00  -9.99682824736782e-03   9.99682824736782e-03
  -5.01501501501502e+00  -9.99672500498171e-03   9.99672500498171e-03
  -4.99499499499499e+00  -9.99661840199611e-03   9.99661840199611e-03
  -4.97497497497497e+00  -9.99650832902156e-03   9.99650832902156e-03
  -4.95495495495495e+00  -9.99639467310789e-03   9.99639467310789e-03
  -4.93493493493493e+00  -9.99627731762838e-03   9.99627731762838e-03
  -4.91491491491491e+00  -9.99615614216001e-03   9.99615614216001e-03
  -4.89489489489489e+00  -9.99603102235992e-03   9.99603102235992e-03
  -4.87487487487487e+00  -9.99590182983784e-03   9.99590182983784e-03
  -4.85485485485485e+00  -9.99576843202430e-03   9.99576843202430e-03
  -4.83483483483483e+00  -9.99563069203463e-03   9.99563069203463e-03
  -4.81481481481481e+00  -9.99548846852848e-03   9.99548846852848e-03
  -4.79479479479479e+00  -9.99534161556479e-03   9.99534161556479e-03
  -4.77477477477477e+00  -9.99518998245204e-03   9.99518998245204e-03
  -4.75475475475475e+00  -9.99503341359360e-03   9.99503341359360e-03
  -4.73473473473473e+00  -9.99487174832808e-03   9.99487174832808e-03
  -4.71471471471471e+00  -9.99470482076450e-03   9.99470482076450e-03
  -4.69469469469469e+00  -9.99453245961200e-03   9.99453245961200e-03
  -4.67467467467467e+00  -9.99435448800410e-03   9.99435448800410e-03
  -4.65465465465465e+00  -9.99417072331724e-03   9.99417072331724e-03
  -4.63463463463463e+00  -9.99398097698333e-03   9.99398097698333e-03
  -4.61461461461461e+00  -9.99378505429630e-03   9.99378505429630e-03
  -4.59459459459459e+00  -9.99358275421228e-03   9.99358275421228e-03
  -4.57457457457457e+00  -9.99337386914330e-03   9.99337386914330e-03
  -4.55455455455455e+00  -9.99315818474428e-03   9.99315818474428e-03
  -4.53453453453453e+00  -9.99293547969309e-03   9.99293547969309e-03
  -4.51451451451451e+00  -9.99270552546343e-03   9.99270552546343e-03
  -4.49449449449449e+00  -9.99246808609034e-03   9.99246808609034e-03
  -4.47447447447447e+00  -9.99222291792808e-03   9.99222291792808e-03
  -4.45445445445445e+00  -9.99196976940006e-03   9.99196976940006e-03
  -4.43443443443443e+00  -9.99170838074077e-03   9.99170838074077e-03
  -4.41441441441441e+00  -9.99143848372914e-03   9.99143848372914e-03
  -4.39439439439439e+00  -9.99115980141340e-03   9.99115980141340e-03
  -4.37437437437437e+00  -9.99087204782678e-03   9.99087204782678e-03
  -4.35435435435435e+00  -9.99057492769419e-03   9.99057492769419e-03
  -4.33433433433433e+00  -9.99026813612910e-03   9.99026813612910e-03
  -4.31431431431431e+00  -9.98995135832079e-03   9.98995135832079e-03
  -4.29429429429429e+00  -9.98962426921126e-03   9.98962426921126e-03
  -4.27427427427427e+00  -9.98928653316167e-03   9.98928653316167e-03
  -4.25425425425425e+00  -9.98893780360797e-03   9.98893780360797e-03
  -4.23423423423423e+00  -9.98857772270521e-03   9.98857772270521e-03
  -4.21421421421421e+00  -9.98820592096042e-03   9.98820592096042e-03
  -4.19419419419419e+00  -9.98782201685338e-03   9.98782201685338e-03
  -4.17417417417417e+00  -9.98742561644520e-03   9.98742561644520e-03
  -4.15415415415415e+00  -9.98701631297402e-03   9.98701631297402e-03
  -4.13413413413413e+00  -9.98659368643769e-03   9.98659368643769e-03
  -4.11411411411411e+00  -9.98615730316270e-03   9.98615730316270e-03
  -4.09409409409409e+00  -9.98570671535924e-03   9.98570671535924e-03
  -4.07407407407407e+00  -9.98524146066167e-03   9.98524146066167e-03
  -4.05405405405405e+00  -9.98476106165410e-03   9.98476106165410e-03
  -4.03403403403403e+00  -9.98426502538046e-03   9.98426502538046e-03
  -4.01401401401401e+00  -9.98375284283867e-03   9.98375284283867e-03
  -3.99399399399399e+00  -9.98322398845836e-03   9.98322398845836e-03
  -3.97397397397397e+00  -9.98267791956151e-03   9.98267791956151e-03
  -3.95395395395395e+00  -9.98211407580564e-03   9.98211407580564e-03
  -3.93393393393393e+00  -9.98153187860880e-03   9.98153187860880e-03
  -3.91391391391391e+00  -9.98093073055583e-03   9.98093073055583e-03
  -3.89389389389389e+00  -9.98031001478540e-03   9.98031001478540e-03
  -3.87387387387387e+00  -9.97966909435696e-03   9.97966909435696e-03
  -3.85385385385385e+00  -9.97900731159720e-03   9.97900731159720e-03
  -3.83383383383383e+00  -9.97832398742513e-03   9.97832398742513e-03
  -3.81381381381381e+00  -9.97761842065532e-03   9.97761842065532e-03
  -3.79379379379379e+00  -9.97688988727832e-03   9.97688988727832e-03
  -3.77377377377377e+00  -9.97613763971778e-03   9.97613763971778e-03
  -3.75375375375375e+00  -9.97536090606327e-03   9.97536090606327e-03
  -3.73373373373373e+00  -9.97455888927828e-03   9.97455888927828e-03
  -3.71371371371371e+00  -9.97373076638227e-03   9.97373076638227e-03
  -3.69369369369369e+00  -9.97287568760622e-03   9.97287568760622e-03
  -3.67367367367367e+00  -9.97199277552067e-03   9.97199277552067e-03
  -3.65365365365365e+00  -9.97108112413529e-03   9.97108112413529e-03
  -3.63363363363363e+00  -9.97013979796929e-03   9.97013979796929e-03
  -3.61361361361361e+00  -9.96916783109144e-03   9.96916783109144e-03
  -3.59359359359359e+00  -9.96816422612891e-03   9.96816422612891e-03
  -3.57357357357357e+00  -9.96712795324386e-03   9.96712795324386e-03
  -3.55355355355355e+00  -9.96605794907665e-03   9.96605794907665e-03
  -3.53353353353353e+00  -9.96495311565473e-03   9.96495311565473e-03
  -3.51351351351351e+00  -9.96381231926598e-03   9.96381231926598e-03
  -3.49349349349349e+00  -9.96263438929539e-03   9.96263438929539e-03
  -3.47347347347347e+00  -9.96141811702386e-03   9.96141811702386e-03
  -3.45345345345345e+00  -9.96016225438794e-03   9.96016225438794e-03
  -3.43343343343343e+00  -9.95886551269920e-03   9.95886551269920e-03
  -3.41341341341341e+00  -9.95752656132189e-03   9.95752656132189e-03
  -3.39339339339339e+00  -9.95614402630762e-03   9.95614402630762e-03
  -3.37337337337337e+00  -9.95471648898563e-03   9.95471648898563e-03
  -3.35335335335335e+00  -9.95324248450710e-03   9.95324248450710e-03
  -3.33333333333333e+00  -9.95172050034224e-03   9.95172050034224e-03
  -3.31331331331331e+00  -9.95014897472840e-03   9.95014897472840e-03
  -3.29329329329329e+00  -9.94852629506774e-03   9.94852629506774e-03
  -3.27327327327327e+00  -9.94685079627286e-03   9.94685079627286e-03
  -3.25325325325325e+00  -9.94512075905855e-03   9.94512075905855e-03
  -3.23323323323323e+00  -9.94333440817815e-03   9.94333440817815e-03
  -3.21321321321321e+00  -9.94148991060252e-03   9.94148991060252e-03
  -3.19319319319319e+00  -9.93958537363997e-03   9.93958537363997e-03
  -3.17317317317317e+00  -9.93761884299511e-03   9.93761884299511e-03
  -3.15315315315315e+00  -9.93558830076478e-03   9.93558830076478e-03
  -3.13313313313313e+00  -9.93349166336904e-03   9.93349166336904e-03
  -3.11311311311311e+00  -9.93132677941514e-03   9.93132677941514e-03
  -3.09309309309309e+00  -9.92909142749242e-03   9.92909142749242e-03
  -3.07307307307307e+00  -9.92678331389592e-03   9.92678331389592e-03
  -3.05305305305305e+00  -9.92440007027659e-03   9.92440007027659e-03
  -3.03303303303303e+00  -9.92193925121580e-03   9.92193925121580e-03
  -3.01301301301301e+00  -9.91939833172190e-03   9.91939833172190e-03
  -2.99299299299299e+00  -9.91677470464636e-03   9.91677470464636e-03
  -2.97297297297297e+00  -9.91406567801745e-03   9.91406567801745e-03
  -2.95295295295295e+00  -9.91126847228871e-03   9.91126847228871e-03
  -2.93293293293293e+00  -9.90838021750006e-03   9.90838021750006e-03
  -2.91291291291291e+00  -9.90539795034911e-03   9.90539795034911e-03
  -2.89289289289289e+00  -9.90231861117011e-03   9.90231861117011e-03
  -2.87287287287287e+00  -9.89913904081849e-03   9.89913904081849e-03
  -2.85285285285285e+00  -9.89585597745827e-03   9.89585597745827e-03
  -2.83283283283283e+00  -9.89246605325049e-03   9.89246605325049e-03
  -2.81281281281281e+00  -9.88896579094006e-03   9.88896579094006e-03
  -2.79279279279279e+00  -9.88535160033940e-03   9.88535160033940e-03
  -2.77277277277277e+00  -9.88161977470664e-03   9.88161977470664e-03
  -2.75275275275275e+00  -9.87776648701683e-03   9.87776648701683e-03
  -2.73273273273273e+00  -9.87378778612476e-03   9.87378778612476e-03
  -2.71271271271271e+00  -9.86967959281798e-03   9.86967959281798e-03
  -2.69269269269269e+00  -9.86543769575961e-03   9.86543769575961e-03
  -2.67267267267267e+00  -9.86105774732005e-03   9.86105774732005e-03
  -2.65265265265265e+00  -9.85653525929825e-03   9.85653525929825e-03
  -2.63263263263263e+00  -9.85186559853283e-03   9.85186559853283e-03
  -2.61261261261261e+00  -9.84704398240462e-03   9.84704398240462e-03
  -2.59259259259259e+00  -9.84206547423295e-03   9.84206547423295e-03
  -2.57257257257257e+00  -9.83692497856857e-03   9.83692497856857e-03
  -2.55255255255255e+00  -9.83161723638761e-03   9.83161723638761e-03
  -2.53253253253253e+00  -9.82613682019190e-03   9.82613682019190e-03
  -2.51251251251251e+00  -9.82047812902239e-03   9.82047812902239e-03
  -2.49249249249249e+00  -9.81463538339422e-03   9.81463538339422e-03
  -2.47247247247247e+00  -9.80860262016323e-03   9.80860262016323e-03
  -2.45245245245245e+00  -9.80237368733634e-03   9.80237368733634e-03
  -2.43243243243243e+00  -9.79594223883971e-03   9.79594223883971e-03
  -2.41241241241241e+00  -9.78930172926173e-03   9.78930172926173e-03
  -2.39239239239239e+00  -9.78244540858987e-03   9.78244540858987e-03
  -2.37237237237237e+00  -9.77536631696411e-03   9.77536631696411e-03
  -2.35235235235235e+00  -9.76805727947226e-03   9.76805727947226e-03
  -2.33233233233233e+00  -9.76051090101642e-03   9.76051090101642e-03
  -2.31231231231231e+00  -9.75271956128361e-03   9.75271956128361e-03
  -2.29229229229229e+00  -9.74467540985748e-03   9.74467540985748e-03
  -2.27227227227227e+00  -9.73637036151280e-03   9.73637036151280e-03
  -2.25225225225225e+00  -9.72779609173882e-03   9.72779609173882e-03
  -2.23223223223223e+00  -9.71894403254282e-03   9.71894403254282e-03
  -2.21221221221221e+00  -9.70980536859026e-03   9.70980536859026e-03
  -2.19219219219219e+00  -9.70037103374359e-03   9.70037103374359e-03
  -2.17217217217217e+00  -9.69063170806718e-03   9.69063170806718e-03
  -2.15215215215215e+00  -9.68057781537210e-03   9.68057781537210e-03
  -2.13213213213213e+00  -9.67019952137980e-03   9.67019952137980e-03
  -2.11211211211211e+00  -9.65948673259042e-03   9.65948673259042e-03
  -2.09209209209209e+00  -9.64842909594644e-03   9.64842909594644e-03
  -2.07207207207207e+00  -9.63701599938898e-03   9.63701599938898e-03
  -2.05205205205205e+00  -9.62523657340888e-03   9.62523657340888e-03
  -2.03203203203203e+00  -9.61307969370001e-03   9.61307969370001e-03
  -2.01201201201201e+00  -9.60053398502671e-03   9.60053398502671e-03
  -1.99199199199199e+00  -9.58758782642107e-03   9.58758782642107e-03
  -1.97197197197197e+00  -9.57422935782873e-03   9.57422935782873e-03
  -1.95195195195195e+00  -9.56044648832376e-03   9.56044648832376e-03
  -1.93193193193193e+00  -9.54622690601370e-03   9.54622690601370e-03
  -1.91191191191191e+00  -9.53155808975523e-03   9.53155808975523e-03
  -1.89189189189189e+00  -9.51642732279808e-03   9.51642732279808e-03
  -1.87187187187187e+00  -9.50082170847056e-03   9.50082170847056e-03
  -1.85185185185185e+00  -9.48472818801311e-03   9.48472818801311e-03
  -1.83183183183183e+00  -9.46813356065739e-03   9.46813356065739e-03
  -1.81181181181181e+00  -9.45102450603646e-03   9.45102450603646e-03
  -1.79179179179179e+00  -9.43338760899670e-03   9.43338760899670e-03
  -1.77177177177177e+00  -9.41520938686453e-03   9.41520938686453e-03
  -1.75175175175175e+00  -9.39647631919916e-03   9.39647631919916e-03
  -1.73173173173173e+00  -9.37717488003802e-03   9.37717488003802e-03
  -1.71171171171171e+00  -9.35729157261262e-03   9.35729157261262e-03
  -1.69169169169169e+00  -9.33681296647992e-03   9.33681296647992e-03
  -1.67167167167167e+00  -9.31572573697773e-03   9.31572573697773e-03
  -1.65165165165165e+00  -9.29401670687167e-03   9.29401670687167e-03
  -1.63163163163163e+00  -9.27167289001701e-03   9.27167289001701e-03
  -1.61161161161161e+00  -9.24868153680914e-03   9.24868153680914e-03
  -1.59159159159159e+00  -9.22503018114481e-03   9.22503018114481e-03
  -1.57157157157157e+00  -9.20070668855952e-03   9.20070668855952e-03
  -1.55155155155155e+00  -9.17569930514748e-03   9.17569930514748e-03
  -1.53153153153153e+00  -9.14999670680869e-03   9.14999670680869e-03
  -1.51151151151151e+00  -9.12358804830312e-03   9.12358804830312e-03
  -1.49149149149149e+00  -9.09646301152693e-03   9.09646301152693e-03
  -1.47147147147147e+00  -9.06861185235892e-03   9.06861185235892e-03
  -1.45145145145145e+00  -9.04002544535978e-03   9.04002544535978e-03
  -1.43143143143143e+00  -9.01069532554226e-03   9.01069532554226e-03
  -1.41141141141141e+00  -8.98061372636853e-03   8.98061372636853e-03
  -1.39139139139139e+00  -8.94977361307359e-03   8.94977361307359e-03
  -1.37137137137137e+00  -8.91816871036150e-03   8.91816871036150e-03
  -1.35135135135135e+00  -8.88579352347698e-03   8.88579352347698e-03
  -1.33133133133133e+00  -8.85264335161938e-03   8.85264335161938e-03
  -1.31131131131131e+00  -8.81871429264239e-03   8.81871429264239e-03
  -1.29129129129129e+00  -8.78400323797185e-03   8.78400323797185e-03
  -1.27127127127127e+00  -8.74850785667911e-03   8.74850785667911e-03
  -1.25125125125125e+00  -8.71222656766984e-03   8.71222656766984e-03
  -1.23123123123123e+00  -8.67515849899107e-03   8.67515849899107e-03
  -1.21121121121121e+00  -8.63730343332415e-03   8.63730343332415e-03
  -1.19119119119119e+00  -8.59866173882118e-03   8.59866173882118e-03
  -1.17117117117117e+00  -8.55923428455923e-03   8.55923428455923e-03
  -1.15115115115115e+00  -8.51902234003224e-03   8.51902234003224e-03
  -1.13113113113113e+00  -8.47802745827700e-03   8.47802745827700e-03
  -1.11111111111111e+00  -8.43625134243907e-03   8.43625134243907e-03
  -1.09109109109109e+00  -8.39369569582721e-03   8.39369569582721e-03
  -1.07107107107107e+00  -8.35036205578340e-03   8.35036205578340e-03
  -1.05105105105105e+00  -8.30625161200938e-03   8.30625161200938e-03
  -1.03103103103103e+00  -8.26136501033993e-03   8.26136501033993e-03
  -1.01101101101101e+00  -8.21570214333924e-03   8.21570214333924e-03
  -9.90990990990991e-01  -8.16926192951612e-03   8.16926192951612e-03
  -9.70970970970971e-01  -8.12204208340836e-03   8.12204208340836e-03
  -9.50950950950951e-01  -8.07403887927192e-03   8.07403887927192e-03
  -9.30930930930931e-01  -8.02524691162661e-03   8.02524691162661e-03
  -9.10910910910911e-01  -7.97565885645290e-03   7.97565885645290e-03
  -8.90890890890891e-01  -7.92526523740283e-03   7.92526523740283e-03
  -8.70870870870871e-01  -7.87405420197868e-03   7.87405420197868e-03
  -8.50850850850851e-01  -7.82201131324424e-03   7.82201131324424e-03
  -8.30830830830831e-01  -7.76911936326358e-03   7.76911936326358e-03
  -8.10810810810811e-01  -7.71535821511036e-03   7.71535821511036e-03
  -7.90790790790791e-01  -7.66070468095869e-03   7.66070468095869e-03
  -7.70770770770770e-01  -7.60513244445516e-03   7.60513244445516e-03
  -7.50750750750750e-01  -7.54861203628843e-03   7.54861203628843e-03
  -7.30730730730730e-01  -7.49111087262319e-03   7.49111087262319e-03
  -7.10710710710710e-01  -7.43259336686262e-03   7.43259336686262e-03
  -6.90690690690690e-01  -7.37302112606239e-03   7.37302112606239e-03
  -6.70670670670670e-01  -7.31235324425962e-03   7.31235324425962e-03
  -6.50650650650650e-01  -7.25054670602824e-03   7.25054670602824e-03
  -6.30630630630630e-01  -7.18755691475784e-03   7.18755691475784e-03
  -6.10610610610610e-01  -7.12333836151333e-03   7.12333836151333e-03
  -5.90590590590590e-01  -7.05784545191059e-03   7.05784545191059e-03
  -5.70570570570570e-01  -6.99103351028559e-03   6.99103351028559e-03
  -5.50550550550550e-01  -6.92285998259570e-03   6.92285998259570e-03
  -5.30530530530530e-01  -6.85328586202594e-03   6.85328586202594e-03
  -5.10510510510510e-01  -6.78227736423618e-03   6.78227736423618e-03
  -4.90490490490490e-01  -6.70980788262835e-03   6.70980788262835e-03
  -4.70470470470470e-01  -6.63586025797311e-03   6.63586025797311e-03
  -4.50450450450450e-01  -6.56042940122738e-03   6.56042940122738e-03
  -4.30430430430430e-01  -6.48352531337102e-03   6.48352531337102e-03
  -4.10410410410410e-01  -6.40517655149897e-03   6.40517655149897e-03
  -3.90390390390390e-01  -6.32543419602842e-03   6.32543419602842e-03
  -3.70370370370370e-01  -6.24437637936932e-03   6.24437637936932e-03
  -3.50350350350350e-01  -6.16211344118336e-03   6.16211344118336e-03
  -3.30330330330330e-01  -6.07879377852021e-03   6.07879377852021e-03
  -3.10310310310310e-01  -5.99461045931213e-03   5.99461045931213e-03
  -2.90290290290290e-01  -5.90980866294795e-03   5.90980866294795e-03
  -2.70270270270270e-01  -5.82469399912776e-03   5.82469399912776e-03
  -2.50250250250250e-01  -5.73964173206223e-03   5.73964173206223e-03
  -2.30230230230230e-01  -5.65510689620796e-03   5.65510689620796e-03
  -2.10210210210210e-01  -5.57163522562722e-03   5.57163522562722e-03
  -1.90190190190190e-01  -5.48987472397533e-03   5.48987472397533e-03
  -1.70170170170170e-01  -5.41058756763814e-03   5.41058756763814e-03
  -1.50150150150150e-01  -5.33466185301701e-03   5.33466185301701e-03
  -1.30130130130130e-01  -5.26312246623193e-03   5.26312246623193e-03
  -1.10110110110110e-01  -5.19714007342100e-03   5.19714007342100e-03
  -9.00900900900901e-02  -5.13803692069564e-03   5.13803692069564e-03
  -7.00700700700700e-02  -5.08728783550162e-03   5.08728783550162e-03
  -5.00500500500500e-02  -5.04651460635315e-03   5.04651460635315e-03
  -3.00300300300300e-02  -5.01747188857373e-03   5.01747188857373e-03
  -1.00100100100100e-02  -5.00202306518617e-03   5.00202306518617e-03
   1.00100100100100e-02  -5.00202306518617e-03   5.00202306518617e-03
   3.00300300300300e-02  -5.01747188857373e-03   5.01747188857373e-03
   5.00500500500500e-02  -5.04651460635315e-03   5.04651460635315e-03
   7.00700700700700e-02  -5.08728783550162e-03   5.08728783550162e-03
   9.00900900900901e-02  -5.13803692069564e-03   5.13803692069564e-03
   1.10110110110110e-01  -5.19714007342100e-03   5.19714007342100e-03
   1.30130130130130e-01  -5.26312246623193e-03   5.26312246623193e-03
   1.50150150150150e-01  -5.33466185301701e-03   5.33466185301701e-03
   1.70170170170170e-01  -5.41058756763814e-03   5.41058756763814e-03
   1.90190190190190e-01  -5.48987472397533e-03   5.48987472397533e-03
   2.10210210210210e-01  -5.57163522562722e-03   5.57163522562722e-03
   2.30230230230230e-01  -5.65510689620796e-03   5.65510689620796e-03
   2.50250250250250e-01  -5.73964173206223e-03   5.73964173206223e-03
   2.70270270270270e-01  -5.82469399912776e-03   5.82469399912776e-03
   2.90290290290290e-01  -5.90980866294795e-03   5.90980866294795e-03
   3.10310310310310e-01  -5.99461045931213e-03   5.99461045931213e-03
   3.30330330330330e-01  -6.07879377852021e-03   6.07879377852021e-03
   3.50350350350350e-01  -6.16211344118336e-03   6.16211344118336e-03
   3.70370370370370e-01  -6.24437637936932e-03   6.24437637936932e-03
   3.90390390390390e-01  -6.32543419602842e-03   6.32543419602842e-03
   4.10410410410410e-01  -6.40517655149897e-03   6.40517655149897e-03
   4.30430430430430e-01  -6.48352531337102e-03   6.48352531337102e-03
   4.50450450450450e-01  -6.56042940122738e-03   6.56042940122738e-03
   4.70470470470470e-01  -6.63586025797311e-03   6.63586025797311e-03
   4.90490490490490e-01  -6.70980788262835e-03   6.70980788262835e-03
   5.10510510510510e-01  -6.78227736423618e-03   6.78227736423618e-03
   5.30530530530530e-01  -6.85328586202594e-03   6.85328586202594e-03
   5.50550550550550e-01  -6.92285998259570e-03   6.92285998259570e-03
   5.70570570570570e-01  -6.99103351028559e-03   6.99103351028559e-03
   5.90590590590590e-01  -7.05784545191059e-03   7.05784545191059e-03
   6.10610610610610e-01  -7.12333836151333e-03   7.12333836151333e-03
   6.30630630630630e-01  -7.18755691475784e-03   7.18755691475784e-03
   6.50650650650650e-01  -7.25054670602824e-03   7.25054670602824e-03
   6.70670670670670e-01  -7.31235324425962e-03   7.31235324425962e-03
   6.90690690690690e-01  -7.37302112606239e-03   7.37302112606239e-03
   7.10710710710710e-01  -7.43259336686262e-03   7.43259336686262e-03
   7.30730730730730e-01  -7.49111087262319e-03   7.49111087262319e-03
   7.50750750750750e-01  -7.54861203628843e-03   7.54861203628843e-03
   7.70770770770770e-01  -7.60513244445516e-03   7.60513244445516e-03
   7.90790790790791e-01  -7.66070468095869e-03   7.66070468095869e-03
   8.10810810810811e-01  -7.71535821511036e-03   7.71535821511036e-03
   8.30830830830831e-01  -7.76911936326358e-03   7.76911936326358e-03
   8.50850850850851e-01  -7.82201131324424e-03   7.82201131324424e-03
   8.70870870870871e-01  -7.87405420197868e-03   7.87405420197868e-03
   8.90890890890891e-01  -7.92526523740283e-03   7.92526523740283e-03
   9.10910910910911e-01  -7.97565885645290e-03   7.97565885645290e-03
   9.30930930930931e-01  -8.02524691162661e-03   8.02524691162661e-03
   9.50950950950951e-01  -8.07403887927192e-03   8.07403887927192e-03
   9.70970970970971e-01  -8.12204208340836e-03   8.12204208340836e-03
   9.90990990990991e-01  -8.16926192951612e-03   8.16926192951612e-03
   1.01101101101101e+00  -8.21570214333924e-03   8.21570214333924e-03
   1.03103103103103e+00  -8.26136501033993e-03   8.26136501033993e-03
   1.05105105105105e+00  -8.30625161200938e-03   8.30625161200938e-03
   1.07107107107107e+00  -8.35036205578340e-03   8.35036205578340e-03
   1.09109109109109e+00  -8.39369569582721e-03   8.39369569582721e-03
   1.11111111111111e+00  -8.43625134243907e-03   8.43625134243907e-03
   1.13113113113113e+00  -8.47802745827700e-03   8.47802745827700e-03
   1.15115115115115e+00  -8.51902234003224e-03   8.51902234003224e-03
   1.17117117117117e+00  -8.55923428455923e-03   8.55923428455923e-03
   1.19119119119119e+00  -8.59866173882118e-03   8.59866173882118e-03
   1.21121121121121e+00  -8.63730343332415e-03   8.63730343332415e-03
   1.23123123123123e+00  -8.67515849899107e-03   8.67515849899107e-03
   1.25125125125125e+00  -8.71222656766984e-03   8.71222656766984e-03
   1.27127127127127e+00  -8.74850785667911e-03   8.74850785667911e-03
   1.29129129129129e+00  -8.78400323797185e-03   8.78400323797185e-03
   1.31131131131131e+00  -8.81871429264239e-03   8.81871429264239e-03
   1.33133133133133e+00  -8.85264335161938e-03   8.85264335161938e-03
   1.35135135135135e+00  -8.88579352347698e-03   8.88579352347698e-03
   1.37137137137137e+00  -8.91816871036150e-03   8.91816871036150e-03
   1.39139139139139e+00  -8.94977361307359e-03   8.94977361307359e-03
   1.41141141141141e+00  -8.98061372636853e-03   8.98061372636853e-03
   1.43143143143143e+00  -9.01069532554226e-03   9.01069532554226e-03
   1.45145145145145e+00  -9.04002544535978e-03   9.04002544535978e-03
   1.47147147147147e+00  -9.06861185235892e-03   9.06861185235892e-03
   1.49149149149149e+00  -9.09646301152693e-03   9.09646301152693e-03
   1.51151151151151e+00  -9.12358804830312e-03   9.12358804830312e-03
   1.53153153153153e+00  -9.14999670680869e-03   9.14999670680869e-03
   1.55155155155155e+00  -9.17569930514748e-03   9.17569930514748e-03
   1.57157157157157e+00  -9.20070668855952e-03   9.20070668855952e-03
   1.59159159159159e+00  -9.22503018114481e-03   9.22503018114481e-03
   1.61161161161161e+00  -9.24868153680914e-03   9.24868153680914e-03
   1.63163163163163e+00  -9.27167289001701e-03   9.27167289001701e-03
   1.65165165165165e+00  -9.29401670687167e-03   9.29401670687167e-03
   1.67167167167167e+00  -9.31572573697773e-03   9.31572573697773e-03
   1.69169169169169e+00  -9.33681296647992e-03   9.33681296647992e-03
   1.71171171171171e+00  -9.35729157261262e-03   9.35729157261262e-03
   1.73173173173173e+00  -9.37717488003802e-03   9.37717488003802e-03
   1.75175175175175e+00  -9.39647631919916e-03   9.39647631919916e-03
   1.77177177177177e+00  -9.41520938686453e-03   9.41520938686453e-03
   1.79179179179179e+00  -9.43338760899670e-03   9.43338760899670e-03
   1.81181181181181e+00  -9.45102450603646e-03   9.45102450603646e-03
   1.83183183183183e+00  -9.46813356065739e-03   9.46813356065739e-03
   1.85185185185185e+00  -9.48472818801311e-03   9.48472818801311e-03
   1.87187187187187e+00  -9.50082170847056e-03   9.50082170847056e-03
   1.89189189189189e+00  -9.51642732279808e-03   9.51642732279808e-03
   1.91191191191191e+00  -9.53155808975523e-03   9.53155808975523e-03
   1.93193193193193e+00  -9.54622690601370e-03   9.54622690601370e-03
   1.95195195195195e+00  -9.56044648832376e-03   9.56044648832376e-03
   1.97197197197197e+00  -9.57422935782873e-03   9.57422935782873e-03
   1.99199199199199e+00  -9.58758782642107e-03   9.58758782642107e-03
   2.01201201201201e+00  -9.60053398502671e-03   9.60053398502671e-03
   2.03203203203203e+00  -9.61307969370001e-03   9.61307969370001e-03
   2.05205205205205e+00  -9.62523657340888e-03   9.62523657340888e-03
   2.07207207207207e+00  -9.63701599938898e-03   9.63701599938898e-03
   2.09209209209209e+00  -9.64842909594644e-03   9.64842909594644e-03
   2.11211211211211e+00  -9.65948673259042e-03   9.65948673259042e-03
   2.13213213213213e+00  -9.67019952137980e-03   9.67019952137980e-03
   2.15215215215215e+00  -9.68057781537210e-03   9.68057781537210e-03
   2.17217217217217e+00  -9.69063170806718e-03   9.69063170806718e-03
   2.19219219219219e+00  -9.70037103374359e-03   9.70037103374359e-03
   2.21221221221221e+00  -9.70980536859026e-03   9.70980536859026e-03
   2.23223223223223e+00  -9.71894403254282e-03   9.71894403254282e-03
   2.25225225225225e+00  -9.72779609173882e-03   9.72779609173882e-03
   2.27227227227227e+00  -9.73637036151280e-03   9.73637036151280e-03
   2.29229229229229e+00  -9.74467540985748e-03   9.74467540985748e-03
   2.31231231231231e+00  -9.75271956128361e-03   9.75271956128361e-03
   2.33233233233233e+00  -9.76051090101642e-03   9.76051090101642e-03
   2.35235235235235e+00  -9.76805727947226e-03   9.76805727947226e-03
   2.37237237237237e+00  -9.77536631696411e-03   9.77536631696411e-03
   2.39239239239239e+00  -9.78244540858987e-03   9.78244540858987e-03
   2.41241241241241e+00  -9.78930172926173e-03   9.78930172926173e-03
   2.43243243243243e+00  -9.79594223883971e-03   9.79594223883971e-03
   2.45245245245245e+00  -9.80237368733634e-03   9.80237368733634e-03
   2.47247247247247e+00  -9.80860262016323e-03   9.80860262016323e-03
   2.49249249249249e+00  -9.81463538339422e-03   9.81463538339422e-03
   2.51251251251251e+00  -9.82047812902239e-03   9.82047812902239e-03
   2.53253253253253e+00  -9.82613682019190e-03   9.82613682019190e-03
   2.55255255255255e+00  -9.83161723638761e-03   9.83161723638761e-03
   2.57257257257257e+00  -9.83692497856857e-03   9.83692497856857e-03
   2.59259259259259e+00  -9.84206547423295e-03   9.84206547423295e-03
   2.61261261261261e+00  -9.84704398240462e-03   9.84704398240462e-03
   2.63263263263263e+00  -9.85186559853283e-03   9.85186559853283e-03
   2.65265265265265e+00  -9.85653525929825e-03   9.85653525929825e-03
   2.67267267267267e+00  -9.86105774732005e-03   9.86105774732005e-03
   2.69269269269269e+00  -9.86543769575961e-03   9.86543769575961e-03
   2.71271271271271e+00  -9.86967959281798e-03   9.86967959281798e-03
   2.73273273273273e+00  -9.87378778612476e-03   9.87378778612476e-03
   2.75275275275275e+00  -9.87776648701683e-03   9.87776648701683e-03
   2.77277277277277e+00  -9.88161977470664e-03   9.88161977470664e-03
   2.79279279279279e+00  -9.88535160033940e-03   9.88535160033940e-03
   2.81281281281281e+00  -9.88896579094006e-03   9.88896579094006e-03
   2.83283283283283e+00  -9.89246605325049e-03   9.89246605325049e-03
   2.85285285285285e+00  -9.89585597745827e-03   9.89585597745827e-03
   2.87287287287287e+00  -9.89913904081849e-03   9.89913904081849e-03
   2.89289289289289e+00  -9.90231861117011e-03   9.90231861117011e-03
   2.91291291291291e+00  -9.90539795034911e-03   9.90539795034911e-03
   2.93293293293293e+00  -9.90838021750006e-03   9.90838021750006e-03
   2.95295295295295e+00  -9.91126847228871e-03   9.91126847228871e-03
   2.97297297297297e+00  -9.91406567801745e-03   9.91406567801745e-03
   2.99299299299299e+00  -9.91677470464636e-03   9.91677470464636e-03
   3.01301301301301e+00  -9.91939833172190e-03   9.91939833172190e-03
   3.03303303303303e+00  -9.92193925121580e-03   9.92193925121580e-03
   3.05305305305305e+00  -9.92440007027659e-03   9.92440007027659e-03
   3.07307307307307e+00  -9.92678331389592e-03   9.92678331389592e-03
   3.09309309309309e+00  -9.92909142749242e-03   9.92909142749242e-03
   3.11311311311311e+00  -9.93132677941514e-03   9.93132677941514e-03
   3.13313313313313e+00  -9.93349166336904e-03   9.93349166336904e-03
   3.15315315315315e+00  -9.93558830076478e-03   9.93558830076478e-03
   3.17317317317317e+00  -9.93761884299511e-03   9.93761884299511e-03
   3.19319319319319e+00  -9.93958537363997e-03   9.93958537363997e-03
   3.21321321321321e+00  -9.94148991060252e-03   9.94148991060252e-03
   3.23323323323323e+00  -9.94333440817815e-03   9.94333440817815e-03
   3.25325325325325e+00  -9.94512075905855e-03   9.94512075905855e-03
   3.27327327327327e+00  -9.94685079627286e-03   9.94685079627286e-03
   3.29329329329329e+00  -9.94852629506774e-03   9.94852629506774e-03
   3.31331331331331e+00  -9.95014897472840e-03   9.95014897472840e-03
   3.33333333333333e+00  -9.95172050034224e-03   9.95172050034224e-03
   3.35335335335335e+00  -9.95324248450710e-03   9.95324248450710e-03
   3.37337337337337e+00  -9.95471648898563e-03   9.95471648898563e-03
   3.39339339339339e+00  -9.95614402630762e-03   9.95614402630762e-03
   3.41341341341341e+00  -9.95752656132189e-03   9.95752656132189e-03
   3.43343343343343e+00  -9.95886551269920e-03   9.95886551269920e-03
   3.45345345345345e+00  -9.96016225438794e-03   9.96016225438794e-03
   3.47347347347347e+00  -9.96141811702386e-03   9.96141811702386e-03
   3.49349349349349e+00  -9.96263438929539e-03   9.96263438929539e-03
   3.51351351351351e+00  -9.96381231926598e-03   9.96381231926598e-03
   3.53353353353353e+00  -9.96495311565473e-03   9.96495311565473e-03
   3.55355355355355e+00  -9.96605794907665e-03   9.96605794907665e-03
   3.57357357357357e+00  -9.96712795324386e-03   9.96712795324386e-03
   3.59359359359359e+00  -9.96816422612891e-03   9.96816422612891e-03
   3.61361361361361e+00  -9.96916783109144e-03   9.96916783109144e-03
   3.63363363363363e+00  -9.97013979796929e-03   9.97013979796929e-03
   3.65365365365365e+00  -9.97108112413529e-03   9.97108112413529e-03
   3.67367367367367e+00  -9.97199277552067e-03   9.97199277552067e-03
   3.69369369369369e+00  -9.97287568760622e-03   9.97287568760622e-03
   3.71371371371371e+00  -9.97373076638227e-03   9.97373076638227e-03
   3.73373373373373e+00  -9.97455888927828e-03   9.97455888927828e-03
   3.75375375375375e+00  -9.97536090606327e-03   9.97536090606327e-03
   3.77377377377377e+00  -9.97613763971778e-03   9.97613763971778e-03
   3.79379379379379e+00  -9.97688988727832e-03   9.97688988727832e-03
   3.81381381381381e+00  -9.97761842065532e-03   9.97761842065532e-03
   3.83383383383383e+00  -9.97832398742513e-03   9.97832398742513e-03
   3.85385385385385e+00  -9.97900731159720e-03   9.97900731159720e-03
   3.87387387387387e+00  -9.97966909435696e-03   9.97966909435696e-03
   3.89389389389389e+00  -9.98031001478540e-03   9.98031001478540e-03
   3.91391391391391e+00  -9.98093073055583e-03   9.98093073055583e-03
   3.93393393393393e+00  -9.98153187860880e-03   9.98153187860880e-03
   3.95395395395395e+00  -9.98211407580564e-03   9.98211407580564e-03
   3.97397397397397e+00  -9.98267791956151e-03   9.98267791956151e-03
   3.99399399399399e+00  -9.98322398845836e-03   9.98322398845836e-03
   4.01401401401401e+00  -9.98375284283867e-03   9.98375284283867e-03
   4.03403403403403e+00  -9.98426502538046e-03   9.98426502538046e-03
   4.05405405405405e+00  -9.98476106165410e-03   9.98476106165410e-03
   4.07407407407407e+00  -9.98524146066167e-03   9.98524146066167e-03
   4.09409409409409e+00  -9.98570671535924e-03   9.98570671535924e-03
   4.11411411411411e+00  -9.98615730316270e-03   9.98615730316270e-03
   4.13413413413413e+00  -9.98659368643769e-03   9.98659368643769e-03
   4.15415415415415e+00  -9.98701631297402e-03   9.98701631297402e-03
   4.17417417417417e+00  -9.98742561644520e-03   9.98742561644520e-03
   4.19419419419419e+00  -9.98782201685338e-03   9.98782201685338e-03
   4.21421421421421e+00  -9.98820592096042e-03   9.98820592096042e-03
   4.23423423423423e+00  -9.98857772270521e-03   9.98857772270521e-03
   4.25425425425425e+00  -9.98893780360797e-03   9.98893780360797e-03
   4.27427427427427e+00  -9.98928653316167e-03   9.98928653316167e-03
   4.29429429429429e+00  -9.98962426921126e-03   9.98962426921126e-03
   4.31431431431431e+00  -9.98995135832079e-03   9.98995135832079e-03
   4.33433433433433e+00  -9.99026813612910e-03   9.99026813612910e-03
   4.35435435435435e+00  -9.99057492769419e-03   9.99057492769419e-03
   4.37437437437437e+00  -9.99087204782678e-03   9.99087204782678e-03
   4.39439439439439e+00  -9.99115980141340e-03   9.99115980141340e-03
   4.41441441441441e+00  -9.99143848372914e-03   9.99143848372914e-03
   4.43443443443443e+00  -9.99170838074077e-03   9.99170838074077e-03
   4.45445445445445e+00  -9.99196976940006e-03   9.99196976940006e-03
   4.47447447447447e+00  -9.99222291792808e-03   9.99222291792808e-03
   4.49449449449449e+00  -9.99246808609034e-03   9.99246808609034e-03
   4.51451451451451e+00  -9.99270552546343e-03   9.99270552546343e-03
   4.53453453453453e+00  -9.99293547969309e-03   9.99293547969309e-03
   4.55455455455455e+00  -9.99315818474428e-03   9.99315818474428e-03
   4.57457457457457e+00  -9.99337386914330e-03   9.99337386914330e-03
   4.59459459459459e+00  -9.99358275421228e-03   9.99358275421228e-03
   4.61461461461461e+00  -9.99378505429630e-03   9.99378505429630e-03
   4.63463463463463e+00  -9.99398097698333e-03   9.99398097698333e-03
   4.65465465465465e+00  -9.99417072331724e-03   9.99417072331724e-03
   4.67467467467467e+00  -9.99435448800410e-03   9.99435448800410e-03
   4.69469469469469e+00  -9.99453245961200e-03   9.99453245961200e-03
   4.71471471471471e+00  -9.99470482076450e-03   9.99470482076450e-03
   4.73473473473473e+00  -9.99487174832808e-03   9.99487174832808e-03
   4.75475475475475e+00  -9.99503341359360e-03   9.99503341359360e-03
   4.77477477477477e+00  -9.99518998245204e-03   9.99518998245204e-03
   4.79479479479479e+00  -9.99534161556479e-03   9.99534161556479e-03
   4.81481481481481e+00  -9.99548846852848e-03   9.99548846852848e-03
   4.83483483483483e+00  -9.99563069203463e-03   9.99563069203463e-03
   4.85485485485485e+00  -9.99576843202430e-03   9.99576843202430e-03
   4.87487487487487e+00  -9.99590182983784e-03   9.99590182983784e-03
   4.89489489489489e+00  -9.99603102235992e-03   9.99603102235992e-03
   4.91491491491491e+00  -9.99615614216001e-03   9.99615614216001e-03
   4.93493493493493e+00  -9.99627731762838e-03   9.99627731762838e-03
   4.95495495495495e+00  -9.99639467310789e-03   9.99639467310789e-03
   4.97497497497497e+00  -9.99650832902156e-03   9.99650832902156e-03
   4.99499499499499e+00  -9.99661840199611e-03   9.99661840199611e-03
   5.01501501501502e+00  -9.99672500498171e-03   9.99672500498171e-03
   5.03503503503504e+00  -9.99682824736782e-03   9.99682824736782e-03
   5.05505505505506e+00  -9.99692823509546e-03   9.99692823509546e-03
   5.07507507507508e+00  -9.99702507076590e-03   9.99702507076590e-03
   5.09509509509510e+00  -9.99711885374601e-03   9.99711885374601e-03
   5.11511511511512e+00  -9.99720968027012e-03   9.99720968027012e-03
   5.13513513513514e+00  -9.99729764353886e-03   9.99729764353886e-03
   5.15515515515516e+00  -9.99738283381475e-03   9.99738283381475e-03
   5.17517517517518e+00  -9.99746533851485e-03   9.99746533851485e-03
   5.19519519519520e+00  -9.99754524230043e-03   9.99754524230043e-03
   5.21521521521522e+00  -9.99762262716386e-03   9.99762262716386e-03
   5.23523523523524e+00  -9.99769757251275e-03   9.99769757251275e-03
   5.25525525525526e+00  -9.99777015525144e-03   9.99777015525144e-03
   5.27527527527528e+00  -9.99784044985989e-03   9.99784044985989e-03
   5.29529529529530e+00  -9.99790852847013e-03   9.99790852847013e-03
   5.31531531531532e+00  -9.99797446094026e-03   9.99797446094026e-03
   5.33533533533534e+00  -9.99803831492615e-03   9.99803831492615e-03
   5.35535535535536e+00  -9.99810015595085e-03   9.99810015595085e-03
   5.37537537537538e+00  -9.99816004747184e-03   9.99816004747184e-03
   5.39539539539540e+00  -9.99821805094613e-03   9.99821805094613e-03
   5.41541541541542e+00  -9.99827422589333e-03   9.99827422589333e-03
   5.43543543543544e+00  -9.99832862995674e-03   9.99832862995674e-03
   5.45545545545546e+00  -9.99838131896249e-03   9.99838131896249e-03
   5.47547547547548e+00  -9.99843234697680e-03   9.99843234697680e-03
   5.49549549549550e+00  -9.99848176636150e-03   9.99848176636150e-03
   5.51551551551552e+00  -9.99852962782775e-03   9.99852962782775e-03
   5.53553553553554e+00  -9.99857598048803e-03   9.99857598048803e-03
   5.55555555555556e+00  -9.99862087190663e-03   9.99862087190663e-03
   5.57557557557558e+00  -9.99866434814837e-03   9.99866434814837e-03
   5.59559559559560e+00  -9.99870645382591e-03   9.99870645382591e-03
   5.61561561561562e+00  -9.99874723214551e-03   9.99874723214551e-03
   5.63563563563564e+00  -9.99878672495140e-03   9.99878672495140e-03
   5.65565565565566e+00  -9.99882497276867e-03   9.99882497276867e-03
   5.67567567567568e+00  -9.99886201484490e-03   9.99886201484490e-03
   5.69569569569570e+00  -9.99889788919039e-03   9.99889788919039e-03
   5.71571571571572e+00  -9.99893263261720e-03   9.99893263261720e-03
   5.73573573573574e+00  -9.99896628077692e-03   9.99896628077692e-03
   5.75575575575576e+00  -9.99899886819723e-03   9.99899886819723e-03
   5.77577577577578e+00  -9.99903042831734e-03   9.99903042831734e-03
   5.79579579579580e+00  -9.99906099352231e-03   9.99906099352231e-03
   5.81581581581582e+00  -9.99909059517629e-03   9.99909059517629e-03
   5.83583583583584e+00  -9.99911926365469e-03   9.99911926365469e-03
   5.85585585585586e+00  -9.99914702837534e-03   9.99914702837534e-03
   5.87587587587588e+00  -9.99917391782871e-03   9.99917391782871e-03
   5.89589589589590e+00  -9.99919995960710e-03   9.99919995960710e-03
   5.91591591591592e+00  -9.99922518043298e-03   9.99922518043298e-03
   5.93593593593594e+00  -9.99924960618645e-03   9.99924960618645e-03
   5.95595595595596e+00  -9.99927326193169e-03   9.99927326193169e-03
   5.97597597597598e+00  -9.99929617194280e-03   9.99929617194280e-03
   5.99599599599600e+00  -9.99931835972862e-03   9.99931835972862e-03
   6.01601601601602e+00  -9.99933984805691e-03   9.99933984805691e-03
   6.03603603603604e+00  -9.99936065897766e-03   9.99936065897766e-03
   6.05605605605606e+00  -9.99938081384578e-03   9.99938081384578e-03
   6.07607607607608e+00  -9.99940033334296e-03   9.99940033334296e-03
   6.09609609609610e+00  -9.99941923749890e-03   9.99941923749890e-03
   6.11611611611612e+00  -9.99943754571190e-03   9.99943754571190e-03
   6.13613613613614e+00  -9.99945527676873e-03   9.99945527676873e-03
   6.15615615615616e+00  -9.99947244886391e-03   9.99947244886391e-03
   6.17617617617618e+00  -9.99948907961839e-03   9.99948907961839e-03
   6.19619619619620e+00  -9.99950518609764e-03   9.99950518609764e-03
   6.21621621621622e+00  -9.99952078482915e-03   9.99952078482915e-03
   6.23623623623624e+00  -9.99953589181936e-03   9.99953589181936e-03
   6.25625625625626e+00  -9.99955052257016e-03   9.99955052257016e-03
   6.27627627627628e+00  -9.99956469209472e-03   9.99956469209472e-03
   6.29629629629630e+00  -9.99957841493295e-03   9.99957841493295e-03
   6.31631631631632e+00  -9.99959170516638e-03   9.99959170516638e-03
   6.33633633633634e+00  -9.99960457643263e-03   9.99960457643263e-03
   6.35635635635636e+00  -9.99961704193942e-03   9.99961704193942e-03
   6.37637637637638e+00  -9.99962911447807e-03   9.99962911447807e-03
   6.39639639639640e+00  -9.99964080643670e-03   9.99964080643670e-03
   6.41641641641642e+00  -9.99965212981287e-03   9.99965212981287e-03
   6.43643643643644e+00  -9.99966309622594e-03   9.99966309622594e-03
   6.45645645645646e+00  -9.99967371692897e-03   9.99967371692897e-03
   6.47647647647648e+00  -9.99968400282029e-03   9.99968400282029e-03
   6.49649649649650e+00  -9.99969396445462e-03   9.99969396445462e-03
   6.51651651651652e+00  -9.99970361205401e-03   9.99970361205401e-03
   6.53653653653654e+00  -9.99971295551823e-03   9.99971295551823e-03
   6.55655655655656e+00  -9.99972200443496e-03   9.99972200443496e-03
   6.57657657657658e+00  -9.99973076808965e-03   9.99973076808965e-03
   6.59659659659660e+00  -9.99973925547503e-03   9.99973925547503e-03
   6.61661661661662e+00  -9.99974747530034e-03   9.99974747530034e-03
   6.63663663663664e+00  -9.99975543600025e-03   9.99975543600025e-03
   6.65665665665666e+00  -9.99976314574355e-03   9.99976314574355e-03
   6.67667667667668e+00  -9.99977061244150e-03   9.99977061244150e-03
   6.69669669669670e+00  -9.99977784375597e-03   9.99977784375597e-03
   6.71671671671672e+00  -9.99978484710731e-03   9.99978484710731e-03
   6.73673673673674e+00  -9.99979162968190e-03   9.99979162968190e-03
   6.75675675675676e+00  -9.99979819843963e-03   9.99979819843963e-03
   6.77677677677678e+00  -9.99980456012095e-03   9.99980456012095e-03
   6.79679679679680e+00  -9.99981072125381e-03   9.99981072125381e-03
   6.81681681681682e+00  -9.99981668816042e-03   9.99981668816042e-03
   6.83683683683684e+00  -9.99982246696362e-03   9.99982246696362e-03
   6.85685685685686e+00  -9.99982806359329e-03   9.99982806359329e-03
   6.87687687687688e+00  -9.99983348379235e-03   9.99983348379235e-03
   6.89689689689690e+00  -9.99983873312265e-03   9.99983873312265e-03
   6.91691691691692e+00  -9.99984381697076e-03   9.99984381697076e-03
   6.93693693693694e+00  -9.99984874055340e-03   9.99984874055340e-03
   6.95695695695696e+00  -9.99985350892284e-03   9.99985350892284e-03
   6.97697697697698e+00  -9.99985812697211e-03   9.99985812697211e-03
   6.99699699699700e+00  -9.99986259943996e-03   9.99986259943996e-03
   7.01701701701702e+00  -9.99986693091576e-03   9.99986693091576e-03
   7.03703703703704e+00  -9.99987112584421e-03   9.99987112584421e-03
   7.05705705705706e+00  -9.99987518852989e-03   9.99987518852989e-03
   7.07707707707708e+00  -9.99987912314167e-03   9.99987912314167e-03
   7.09709709709710e+00  -9.99988293371702e-03   9.99988293371702e-03
   7.11711711711712e+00  -9.99988662416611e-03   9.99988662416611e-03
   7.13713713713714e+00  -9.99989019827586e-03   9.99989019827586e-03
   7.15715715715716e+00  -9.99989365971379e-03   9.99989365971379e-03
   7.17717717717718e+00  -9.99989701203184e-03   9.99989701203184e-03
   7.19719719719720e+00  -9.99990025866993e-03   9.99990025866993e-03
   7.21721721721722e+00  -9.99990340295957e-03   9.99990340295957e-03
   7.23723723723724e+00  -9.99990644812724e-03   9.99990644812724e-03
   7.25725725725726e+00  -9.99990939729770e-03   9.99990939729770e-03
   7.27727727727728e+00  -9.99991225349721e-03   9.99991225349721e-03
   7.29729729729730e+00  -9.99991501965663e-03   9.99991501965663e-03
   7.31731731731732e+00  -9.99991769861442e-03   9.99991769861442e-03
   7.33733733733734e+00  -9.99992029311957e-03   9.99992029311957e-03
   7.35735735735736e+00  -9.99992280583439e-03   9.99992280583439e-03
   7.37737737737738e+00  -9.99992523933728e-03   9.99992523933728e-03
   7.39739739739740e+00  -9.99992759612536e-03   9.99992759612536e-03
   7.41741741741742e+00  -9.99992987861701e-03   9.99992987861701e-03
   7.43743743743744e+00  -9.99993208915438e-03   9.99993208915438e-03
   7.45745745745746e+00  -9.99993423000581e-03   9.99993423000581e-03
   7.47747747747748e+00  -9.99993630336809e-03   9.99993630336809e-03
   7.49749749749750e+00  -9.99993831136878e-03   9.99993831136878e-03
   7.51751751751752e+00  -9.99994025606837e-03   9.99994025606837e-03
   7.53753753753754e+00  -9.99994213946240e-03   9.99994213946240e-03
   7.55755755755756e+00  -9.99994396348348e-03   9.99994396348348e-03
   7.57757757757758e+00  -9.99994573000332e-03   9.99994573000332e-03
   7.59759759759760e+00  -9.99994744083461e-03   9.99994744083461e-03
   7.61761761761762e+00  -9.99994909773290e-03   9.99994909773290e-03
   7.63763763763764e+00  -9.99995070239840e-03   9.99995070239840e-03
   7.65765765765766e+00  -9.99995225647772e-03   9.99995225647772e-03
   7.67767767767768e+00  -9.99995376156555e-03   9.99995376156555e-03
   7.69769769769770e+00  -9.99995521920634e-03   9.99995521920634e-03
   7.71771771771772e+00  -9.99995663089581e-03   9.99995663089581e-03
   7.73773773773774e+00  -9.99995799808256e-03   9.99995799808256e-03
   7.75775775775776e+00  -9.99995932216951e-03   9.99995932216951e-03
   7.77777777777778e+00  -9.99996060451537e-03   9.99996060451537e-03
   7.79779779779780e+00  -9.99996184643598e-03   9.99996184643598e-03
   7.81781781781782e+00  -9.99996304920575e-03   9.99996304920575e-03
   7.83783783783784e+00  -9.99996421405887e-03   9.99996421405887e-03
   7.85785785785786e+00  -9.99996534219065e-03   9.99996534219065e-03
   7.87787787787788e+00  -9.99996643475870e-03   9.99996643475870e-03
   7.89789789789790e+00  -9.99996749288416e-03   9.99996749288416e-03
   7.91791791791792e+00  -9.99996851765280e-03   9.99996851765280e-03
   7.93793793793794e+00  -9.99996951011619e-03   9.99996951011619e-03
   7.95795795795796e+00  -9.99997047129272e-03   9.99997047129272e-03
   7.97797797797798e+00  -9.99997140216870e-03   9.99997140216870e-03
   7.99799799799800e+00  -9.99997230369934e-03   9.99997230369934e-03
   8.01801801801802e+00  -9.99997317680973e-03   9.99997317680973e-03
   8.03803803803804e+00  -9.99997402239580e-03   9.99997402239580e-03
   8.05805805805806e+00  -9.99997484132524e-03   9.99997484132524e-03
   8.07807807807808e+00  -9.99997563443839e-03   9.99997563443839e-03
   8.09809809809810e+00  -9.99997640254909e-03   9.99997640254909e-03
   8.11811811811812e+00  -9.99997714644553e-03   9.99997714644553e-03
   8.13813813813814e+00  -9.99997786689105e-03   9.99997786689105e-03
   8.15815815815816e+00  -9.99997856462493e-03   9.99997856462493e-03
   8.17817817817818e+00  -9.99997924036314e-03   9.99997924036314e-03
   8.19819819819820e+00  -9.99997989479908e-03   9.99997989479908e-03
   8.21821821821822e+00  -9.99998052860429e-03   9.99998052860429e-03
   8.23823823823824e+00  -9.99998114242915e-03   9.99998114242915e-03
   8.25825825825826e+00  -9.99998173690353e-03   9.99998173690353e-03
   8.27827827827828e+00  -9.99998231263743e-03   9.99998231263743e-03
   8.29829829829830e+00  -9.99998287022164e-03   9.99998287022164e-03
   8.31831831831832e+00  -9.99998341022832e-03   9.99998341022832e-03
   8.33833833833834e+00  -9.99998393321159e-03   9.99998393321159e-03
   8.35835835835836e+00  -9.99998443970811e-03   9.99998443970811e-03
   8.37837837837838e+00  -9.99998493023761e-03   9.99998493023761e-03
   8.39839839839840e+00  -9.99998540530344e-03   9.99998540530344e-03
   8.41841841841842e+00  -9.99998586539308e-03   9.99998586539308e-03
   8.43843843843844e+00  -9.99998631097866e-03   9.99998631097866e-03
   8.45845845845846e+00  -9.99998674251740e-03   9.99998674251740e-03
   8.47847847847848e+00  -9.99998716045213e-03   9.99998716045213e-03
   8.49849849849850e+00  -9.99998756521169e-03   9.99998756521169e-03
   8.51851851851852e+00  -9.99998795721144e-03   9.99998795721144e-03
   8.53853853853854e+00  -9.99998833685361e-03   9.99998833685361e-03
   8.55855855855856e+00  -9.99998870452778e-03   9.99998870452778e-03
   8.57857857857858e+00  -9.99998906061122e-03   9.99998906061122e-03
   8.59859859859860e+00  -9.99998940546933e-03   9.99998940546933e-03
   8.61861861861862e+00  -9.99998973945599e-03   9.99998973945599e-03
   8.63863863863864e+00  -9.99999006291390e-03   9.99999006291390e-03
   8.65865865865866e+00  -9.99999037617498e-03   9.99999037617498e-03
   8.67867867867868e+00  -9.99999067956068e-03   9.99999067956068e-03
   8.69869869869870e+00  -9.99999097338231e-03   9.99999097338231e-03
   8.71871871871872e+00  -9.99999125794139e-03   9.99999125794139e-03
   8.73873873873874e+00  -9.99999153352990e-03   9.99999153352990e-03
   8.75875875875876e+00  -9.99999180043063e-03   9.99999180043063e-03
   8.77877877877878e+00  -9.99999205891747e-03   9.99999205891747e-03
   8.79879879879880e+00  -9.99999230925566e-03   9.99999230925566e-03
   8.81881881881882e+00  -9.99999255170207e-03   9.99999255170207e-03
   8.83883883883884e+00  -9.99999278650549e-03   9.99999278650549e-03
   8.85885885885886e+00  -9.99999301390687e-03   9.99999301390687e-03
   8.87887887887888e+00  -9.99999323413955e-03   9.99999323413955e-03
   8.89889889889890e+00  -9.99999344742952e-03   9.99999344742952e-03
   8.91891891891892e+00  -9.99999365399564e-03   9.99999365399564e-03
   8.93893893893894e+00  -9.99999385404987e-03   9.99999385404987e-03
   8.95895895895896e+00  -9.99999404779751e-03   9.99999404779751e-03
   8.97897897897898e+00  -9.99999423543737e-03   9.99999423543737e-03
   8.99899899899900e+00  -9.99999441716198e-03   9.99999441716198e-03
   9.01901901901902e+00  -9.99999459315783e-03   9.99999459315783e-03
   9.03903903903904e+00  -9.99999476360550e-03   9.99999476360550e-03
   9.05905905905906e+00  -9.99999492867991e-03   9.99999492867991e-03
   9.07907907907908e+00  -9.99999508855044e-03   9.99999508855044e-03
   9.09909909909910e+00  -9.99999524338114e-03   9.99999524338114e-03
   9.11911911911912e+00  -9.99999539333089e-03   9.99999539333089e-03
   9.13913913913914e+00  -9.99999553855356e-03   9.99999553855356e-03
   9.15915915915916e+00  -9.99999567919816e-03   9.99999567919816e-03
   9.17917917917918e+00  -9.99999581540902e-03   9.99999581540902e-03
   9.19919919919920e+00  -9.99999594732591e-03   9.99999594732591e-03
   9.21921921921922e+00  -9.99999607508419e-03   9.99999607508419e-03
   9.23923923923924e+00  -9.99999619881497e-03   9.99999619881497e-03
   9.25925925925926e+00  -9.99999631864520e-03   9.99999631864520e-03
   9.27927927927928e+00  -9.99999643469785e-03   9.99999643469785e-03
   9.29929929929930e+00  -9.99999654709201e-03   9.99999654709201e-03
   9.31931931931932e+00  -9.99999665594300e-03   9.99999665594300e-03
   9.33933933933934e+00  -9.99999676136253e-03   9.99999676136253e-03
   9.35935935935936e+00  -9.99999686345876e-03   9.99999686345876e-03
   9.37937937937938e+00  -9.99999696233647e-03   9.99999696233647e-03
   9.39939939939940e+00  -9.99999705809711e-03   9.99999705809711e-03
   9.41941941941942e+00  -9.99999715083896e-03   9.99999715083896e-03
   9.43943943943944e+00  -9.99999724065717e-03   9.99999724065717e-03
   9.45945945945946e+00  -9.99999732764391e-03   9.99999732764391e-03
   9.47947947947948e+00  -9.99999741188844e-03   9.99999741188844e-03
   9.49949949949950e+00  -9.99999749347721e-03   9.99999749347721e-03
   9.51951951951952e+00  -9.99999757249394e-03   9.99999757249394e-03
   9.53953953953954e+00  -9.99999764901971e-03   9.99999764901971e-03
   9.55955955955956e+00  -9.99999772313304e-03   9.99999772313304e-03
   9.57957957957958e+00  -9.99999779491000e-03   9.99999779491000e-03
   9.59959959959960e+00  -9.99999786442423e-03   9.99999786442423e-03
   9.61961961961962e+00  -9.99999793174706e-03   9.99999793174706e-03
   9.63963963963964e+00  -9.99999799694758e-03   9.99999799694758e-03
   9.65965965965966e+00  -9.99999806009269e-03   9.99999806009269e-03
   9.67967967967968e+00  -9.99999812124718e-03   9.99999812124718e-03
   9.69969969969970e+00  -9.99999818047381e-03   9.99999818047381e-03
   9.71971971971972e+00  -9.99999823783336e-03   9.99999823783336e-03
   9.73973973973974e+00  -9.99999829338467e-03   9.99999829338467e-03
   9.75975975975976e+00  -9.99999834718477e-03   9.99999834718477e-03
   9.77977977977978e+00  -9.99999839928884e-03   9.99999839928884e-03
   9.79979979979980e+00  -9.99999844975037e-03   9.99999844975037e-03
   9.81981981981982e+00  -9.99999849862112e-03   9.99999849862112e-03
   9.83983983983984e+00  -9.99999854595125e-03   9.99999854595125e-03
   9.85985985985986e+00  -9.99999859178932e-03   9.99999859178932e-03
   9.87987987987988e+00  -9.99999863618238e-03   9.99999863618238e-03
   9.89989989989990e+00  -9.99999867917596e-03   9.99999867917596e-03
   9.91991991991992e+00  -9.99999872081420e-03   9.99999872081420e-03
   9.93993993993994e+00  -9.99999876113982e-03   9.99999876113982e-03
   9.95995995995996e+00  -9.99999880019420e-03   9.99999880019420e-03
   9.97997997997998e+00  -9.99999883801740e-03   9.99999883801740e-03
   1.00000000000000e+01  -9.99999887464825e-03   9.99999887464825e-03
